0 0.619818 0.493713 0.096198 0.168204
0 0.531651 0.310546 0.049719 0.098019
0 0.617917 0.271130 0.043750 0.078778
0 0.702578 0.131218 0.024844 0.033583
0 0.720703 0.173042 0.041615 0.063398
0 0.648203 0.227861 0.047031 0.065315
0 0.587630 0.167750 0.032969 0.041278
0 0.649297 0.191792 0.036198 0.047046
0 0.803984 0.231694 0.053490 0.069167
0 0.898620 0.280741 0.062135 0.082630
0 0.903776 0.429778 0.103802 0.123000
0 0.591432 0.128810 0.027552 0.036472
0 0.620625 0.113907 0.023229 0.041278
0 0.548151 0.113426 0.021094 0.034537
