0 0.620365 0.504852 0.097500 0.172519
0 0.530698 0.315194 0.051417 0.098981
0 0.617552 0.273685 0.045000 0.079741
0 0.701380 0.129773 0.025365 0.032935
0 0.718880 0.171361 0.041198 0.061944
0 0.648958 0.230250 0.047292 0.066278
0 0.587266 0.168958 0.032760 0.043046
0 0.649349 0.192912 0.036302 0.046398
0 0.801094 0.228731 0.052813 0.068685
0 0.893984 0.276657 0.062031 0.081500
0 0.898099 0.421759 0.102031 0.120444
0 0.590651 0.128889 0.027448 0.036630
0 0.620573 0.114389 0.024063 0.041278
0 0.547266 0.113745 0.021406 0.034861
