0 0.620885 0.515981 0.098750 0.176852
0 0.529771 0.319833 0.053167 0.099926
0 0.617214 0.276250 0.046302 0.080685
0 0.700208 0.128329 0.025937 0.032306
0 0.717057 0.169676 0.040885 0.060500
0 0.649740 0.232657 0.047604 0.067241
0 0.586927 0.170157 0.032604 0.044796
0 0.649375 0.194042 0.036354 0.045769
0 0.798203 0.225759 0.052031 0.068185
0 0.889323 0.272556 0.061979 0.080370
0 0.892396 0.413750 0.100208 0.117870
0 0.589870 0.128968 0.027344 0.036787
0 0.620547 0.114870 0.024844 0.041278
0 0.546354 0.114065 0.021771 0.035185
