0 0.621979 0.538259 0.101250 0.185519
0 0.527865 0.329130 0.056562 0.101852
0 0.616484 0.281370 0.048802 0.082630
0 0.697865 0.125444 0.026979 0.031019
0 0.713464 0.166306 0.040156 0.057611
0 0.651276 0.237472 0.048073 0.069167
0 0.586172 0.172560 0.032240 0.048324
0 0.649479 0.196278 0.036563 0.044481
0 0.792448 0.219843 0.050625 0.067241
0 0.880052 0.264398 0.061771 0.078130
0 0.881042 0.397713 0.096563 0.112759
0 0.588333 0.129130 0.027187 0.037111
0 0.620443 0.115829 0.026510 0.041269
0 0.544531 0.114708 0.022500 0.035824
