0 0.623047 0.560546 0.103802 0.194167
0 0.525979 0.338426 0.060021 0.103778
0 0.615755 0.286500 0.051302 0.084556
0 0.695547 0.122560 0.028073 0.029731
0 0.709870 0.162944 0.039427 0.054741
0 0.652813 0.242278 0.048646 0.071074
0 0.585469 0.174963 0.031875 0.051852
0 0.649557 0.198519 0.036719 0.043185
0 0.786667 0.213912 0.049167 0.066287
0 0.870755 0.256213 0.061615 0.075907
0 0.869687 0.381704 0.093021 0.107630
0 0.586823 0.129292 0.026979 0.037435
0 0.620339 0.116792 0.028073 0.041269
0 0.542734 0.115347 0.023177 0.036472
