0 0.627109 0.589704 0.108281 0.214037
0 0.526677 0.345796 0.059979 0.105704
0 0.617370 0.290509 0.051719 0.084870
0 0.694635 0.118556 0.027396 0.030704
0 0.708151 0.157819 0.039635 0.053454
0 0.656042 0.243880 0.050417 0.070426
0 0.586016 0.175606 0.034010 0.051861
0 0.650625 0.200931 0.039271 0.042250
0 0.783333 0.207176 0.047188 0.064352
0 0.864922 0.245648 0.058177 0.073963
0 0.859609 0.366306 0.089740 0.103759
0 0.587813 0.129292 0.027500 0.039991
0 0.620260 0.115352 0.026458 0.040315
0 0.543099 0.114065 0.023906 0.038389
