0 0.629141 0.604296 0.110573 0.223963
0 0.527047 0.349491 0.059969 0.106648
0 0.618177 0.292509 0.051875 0.085019
0 0.694193 0.116551 0.027031 0.031176
0 0.707292 0.155250 0.039688 0.052815
0 0.657656 0.244676 0.051354 0.070130
0 0.586276 0.175926 0.035156 0.051852
0 0.651198 0.202134 0.040521 0.041769
0 0.781667 0.203815 0.046250 0.063407
0 0.861979 0.240352 0.056458 0.073000
0 0.854531 0.358630 0.088125 0.101852
0 0.588307 0.129292 0.027865 0.041269
0 0.620208 0.114630 0.025625 0.039833
0 0.543281 0.113426 0.024271 0.039352
