0 0.631172 0.618880 0.112865 0.233907
0 0.527406 0.353176 0.059979 0.107611
0 0.619010 0.294519 0.052083 0.085185
0 0.693724 0.114551 0.026615 0.031657
0 0.706458 0.152690 0.039792 0.052176
0 0.659297 0.245481 0.052240 0.069815
0 0.586536 0.176255 0.036198 0.051861
0 0.651719 0.203329 0.041771 0.041269
0 0.780000 0.200449 0.045208 0.062435
0 0.859062 0.235056 0.054792 0.072037
0 0.849505 0.350926 0.086510 0.099926
0 0.588802 0.129292 0.028125 0.042565
0 0.620182 0.113907 0.024844 0.039352
0 0.543464 0.112787 0.024635 0.040315
