0 0.633203 0.633454 0.115052 0.243833
0 0.527771 0.356852 0.059979 0.108593
0 0.619818 0.296509 0.052240 0.085352
0 0.693281 0.112542 0.026250 0.032139
0 0.705573 0.150125 0.039896 0.051528
0 0.660911 0.246278 0.053177 0.069481
0 0.586823 0.176569 0.037292 0.051861
0 0.652266 0.204532 0.043073 0.040787
0 0.778307 0.197079 0.044219 0.061472
0 0.856120 0.229778 0.053073 0.071074
0 0.844453 0.343231 0.084844 0.098019
0 0.589297 0.129292 0.028385 0.043843
0 0.620130 0.113185 0.024010 0.038870
0 0.543646 0.112142 0.025000 0.041272
