0 0.635234 0.648046 0.117344 0.253759
0 0.528130 0.360546 0.059990 0.109537
0 0.620625 0.298528 0.052396 0.085500
0 0.692813 0.110542 0.025937 0.032620
0 0.704740 0.147560 0.040000 0.050898
0 0.662552 0.247083 0.054062 0.069167
0 0.587083 0.176889 0.038333 0.051852
0 0.652786 0.205731 0.044323 0.040315
0 0.776667 0.193713 0.043229 0.060500
0 0.853177 0.224491 0.051354 0.070130
0 0.839401 0.335537 0.083281 0.096074
0 0.589792 0.129292 0.028646 0.045120
0 0.620078 0.112463 0.023177 0.038389
0 0.543828 0.111502 0.025365 0.042237
1 0.978672 0.406546 0.044740 0.143759
