0 0.638828 0.686028 0.127448 0.276537
0 0.527953 0.374000 0.065031 0.118519
0 0.621615 0.304778 0.052917 0.087111
0 0.702292 0.142750 0.039062 0.050889
0 0.667760 0.253491 0.055521 0.073648
0 0.587370 0.177690 0.038177 0.054102
0 0.652969 0.210861 0.043229 0.048648
0 0.772422 0.187301 0.042344 0.056657
0 0.847344 0.215667 0.050104 0.066593
0 0.833724 0.322713 0.080156 0.087759
0 0.589687 0.128491 0.027708 0.042241
0 0.622057 0.113426 0.024323 0.040315
0 0.544453 0.112784 0.025573 0.042876
1 0.971745 0.391019 0.058594 0.146963
