0 0.650391 0.804120 0.144115 0.339167
0 0.526240 0.417278 0.077104 0.144148
0 0.624870 0.326731 0.056927 0.095130
0 0.695807 0.130894 0.037969 0.050250
0 0.681484 0.274963 0.059115 0.087111
0 0.588255 0.181694 0.038906 0.055056
0 0.653802 0.229287 0.042292 0.072685
0 0.760885 0.171120 0.038333 0.050574
0 0.830365 0.194671 0.047917 0.059213
0 0.814167 0.291306 0.072813 0.074944
0 0.589531 0.128968 0.026979 0.036787
0 0.625234 0.117593 0.028073 0.044796
0 0.544375 0.116310 0.027187 0.046731
1 0.954401 0.352370 0.093281 0.150889
