0 0.659427 0.844315 0.156771 0.287852
0 0.524219 0.441796 0.080104 0.155704
0 0.626771 0.340907 0.061250 0.102333
0 0.693385 0.127532 0.039062 0.049287
0 0.686328 0.287944 0.060156 0.093815
0 0.588802 0.185301 0.040521 0.049769
0 0.654453 0.241556 0.044219 0.083741
0 0.756302 0.166069 0.035104 0.052972
0 0.822552 0.189630 0.048438 0.058741
0 0.801849 0.282667 0.070885 0.080704
0 0.589531 0.132097 0.028646 0.037269
0 0.624010 0.120958 0.030521 0.045769
0 0.542344 0.117752 0.029062 0.050570
1 0.937630 0.336509 0.099740 0.148019
