0 0.524443 0.487139 0.084344 0.177500
0 0.630625 0.367111 0.068437 0.113074
0 0.688958 0.119995 0.036563 0.046398
0 0.699505 0.310222 0.064115 0.098667
0 0.590052 0.195481 0.044687 0.059556
0 0.656146 0.253009 0.046979 0.085500
0 0.750625 0.156056 0.037292 0.055056
0 0.811276 0.174162 0.042865 0.051528
0 0.787318 0.262139 0.061615 0.079426
0 0.590625 0.136019 0.028438 0.044481
0 0.627005 0.122722 0.028802 0.047370
0 0.541667 0.122079 0.028958 0.050565
1 0.911510 0.309741 0.094792 0.136148
2 0.575729 0.082655 0.028958 0.062746
0 0.608620 0.083299 0.021615 0.030698
