0 0.524885 0.505731 0.085958 0.186463
0 0.632240 0.377843 0.071354 0.117241
0 0.687135 0.116792 0.035104 0.045120
0 0.705260 0.319194 0.065937 0.099944
0 0.590599 0.199958 0.046510 0.065306
0 0.656849 0.256694 0.048073 0.084537
0 0.748516 0.151889 0.038906 0.055704
0 0.806953 0.167273 0.039948 0.048009
0 0.782083 0.253333 0.057292 0.077815
0 0.591146 0.137463 0.028125 0.048000
0 0.628724 0.123042 0.027552 0.048009
0 0.541667 0.124000 0.028646 0.049926
1 0.900781 0.299009 0.090313 0.130685
2 0.576276 0.082656 0.029740 0.063391
0 0.609531 0.083139 0.022708 0.027815
