0 0.524901 0.518315 0.088323 0.192741
0 0.633151 0.383222 0.072031 0.120926
0 0.686536 0.115509 0.034740 0.044796
0 0.708438 0.324481 0.068125 0.100889
0 0.591328 0.201250 0.044635 0.065315
0 0.657708 0.260630 0.049271 0.086630
0 0.747630 0.150204 0.037969 0.055222
0 0.804896 0.164792 0.039792 0.047528
0 0.779766 0.249648 0.056823 0.077481
0 0.591615 0.138185 0.027917 0.048481
0 0.629427 0.124241 0.028333 0.049130
0 0.541615 0.124162 0.028750 0.049602
1 0.896198 0.293241 0.087917 0.127481
2 0.576667 0.083059 0.029062 0.063233
0 0.609661 0.082977 0.022760 0.029417
