0 0.524885 0.530889 0.090646 0.198963
0 0.634063 0.388583 0.072813 0.124611
0 0.685885 0.114225 0.034375 0.044476
0 0.711589 0.329759 0.070260 0.101852
0 0.592057 0.202528 0.042865 0.065315
0 0.658568 0.264556 0.050469 0.088704
0 0.746719 0.148523 0.037083 0.054731
0 0.802786 0.162301 0.039635 0.047046
0 0.777474 0.245963 0.056406 0.077185
0 0.592031 0.138907 0.027708 0.048963
0 0.630104 0.125449 0.029167 0.050250
0 0.541589 0.124319 0.028802 0.049287
1 0.891589 0.287472 0.085573 0.124278
2 0.577083 0.083456 0.028438 0.063069
0 0.609818 0.082816 0.022865 0.031017
