0 0.524901 0.543472 0.093010 0.205204
0 0.634948 0.393963 0.073542 0.128296
0 0.685260 0.112947 0.034063 0.044161
0 0.714740 0.335065 0.072396 0.102796
0 0.592760 0.203810 0.041042 0.065306
0 0.659453 0.268472 0.051615 0.090796
0 0.745859 0.146838 0.036198 0.054250
0 0.800729 0.159819 0.039479 0.046565
0 0.775156 0.242269 0.055938 0.076833
0 0.592500 0.139630 0.027500 0.049444
0 0.630755 0.126648 0.029948 0.051370
0 0.541536 0.124481 0.028906 0.048963
1 0.887005 0.281704 0.083281 0.121074
2 0.577500 0.083859 0.027813 0.062911
0 0.609948 0.082655 0.022917 0.032617
