0 0.524885 0.556065 0.095333 0.211463
0 0.635859 0.399324 0.074219 0.131981
0 0.684635 0.111664 0.033646 0.043839
0 0.717891 0.340352 0.074635 0.103778
0 0.593490 0.205097 0.039271 0.065324
0 0.660286 0.272407 0.052760 0.092889
0 0.744948 0.145157 0.035312 0.053778
0 0.798646 0.157338 0.039271 0.046083
0 0.772891 0.238593 0.055469 0.076519
0 0.592943 0.140352 0.027344 0.049926
0 0.631432 0.127847 0.030781 0.052491
0 0.541484 0.124644 0.029010 0.048639
1 0.882396 0.275926 0.080938 0.117852
2 0.577917 0.084257 0.027187 0.062744
0 0.610078 0.082497 0.023073 0.034228
