0 0.524901 0.568639 0.097698 0.217722
0 0.636745 0.404694 0.074948 0.135648
0 0.684010 0.110381 0.033333 0.043517
0 0.721042 0.345648 0.076771 0.104741
0 0.594193 0.206370 0.037448 0.065296
0 0.661146 0.276324 0.053958 0.094944
0 0.744036 0.143472 0.034427 0.053296
0 0.796589 0.154856 0.039115 0.045602
0 0.770573 0.234907 0.055000 0.076222
0 0.593385 0.141069 0.027187 0.050417
0 0.632109 0.129051 0.031615 0.053620
0 0.541432 0.124801 0.029115 0.048324
1 0.877812 0.270167 0.078542 0.114667
2 0.578281 0.084659 0.026562 0.062589
0 0.610208 0.082336 0.023125 0.035828
