0 0.521818 0.652037 0.114073 0.265630
0 0.644687 0.440509 0.082500 0.146389
0 0.680677 0.103969 0.031875 0.041913
0 0.736458 0.377528 0.082500 0.119167
0 0.594948 0.220167 0.039271 0.064667
0 0.667214 0.300769 0.059115 0.089352
0 0.738099 0.133778 0.032760 0.047037
0 0.788385 0.146278 0.036771 0.049611
0 0.758542 0.220639 0.054583 0.068833
0 0.594557 0.150125 0.032031 0.049602
0 0.633516 0.134097 0.030260 0.054731
0 0.541562 0.126245 0.025937 0.042880
1 0.856276 0.250935 0.068281 0.105056
2 0.578333 0.087304 0.026667 0.060504
0 0.612318 0.088906 0.021406 0.034224
