0 0.521052 0.669750 0.117583 0.276056
0 0.646458 0.448120 0.084271 0.148167
0 0.679974 0.102691 0.031615 0.041600
0 0.739531 0.384185 0.083437 0.122519
0 0.594922 0.223287 0.040156 0.064500
0 0.668542 0.305889 0.060104 0.087444
0 0.736823 0.131773 0.032604 0.045602
0 0.786849 0.144755 0.036198 0.050731
0 0.756094 0.217986 0.054583 0.067065
0 0.594740 0.152208 0.033333 0.049287
0 0.633698 0.135060 0.029687 0.054731
0 0.541615 0.126565 0.025104 0.041593
1 0.852005 0.247565 0.066302 0.103463
2 0.578255 0.087867 0.026823 0.060026
0 0.612839 0.090587 0.020990 0.033419
