0 0.520286 0.687454 0.121094 0.286463
0 0.648203 0.455731 0.085990 0.149907
0 0.679297 0.101407 0.031302 0.041278
0 0.742578 0.390833 0.084323 0.125889
0 0.594922 0.226407 0.041094 0.064333
0 0.669844 0.311028 0.061042 0.085500
0 0.735573 0.129773 0.032396 0.044157
0 0.785312 0.143231 0.035625 0.051852
0 0.753698 0.215356 0.054583 0.065324
0 0.594948 0.154292 0.034583 0.048972
0 0.633854 0.136023 0.029167 0.054731
0 0.541667 0.126889 0.024271 0.040315
1 0.847786 0.244194 0.064323 0.101870
2 0.578177 0.088424 0.026979 0.059541
0 0.613333 0.092272 0.020521 0.032622
