0 0.520510 0.709907 0.121896 0.293519
0 0.650078 0.465426 0.087135 0.153296
0 0.678594 0.100686 0.030937 0.041757
0 0.746276 0.400370 0.085052 0.128296
0 0.595469 0.228083 0.041042 0.064204
0 0.671328 0.317435 0.062240 0.089019
0 0.734531 0.129213 0.031771 0.045926
0 0.784427 0.141949 0.034063 0.050250
0 0.751901 0.212542 0.053594 0.065472
0 0.595026 0.154935 0.034219 0.049611
0 0.634453 0.137301 0.029427 0.055380
0 0.541615 0.128491 0.024896 0.041278
1 0.845313 0.241074 0.064375 0.101037
2 0.578437 0.089226 0.027187 0.060826
0 0.613724 0.092994 0.020990 0.033420
