0 0.520755 0.732343 0.122760 0.300574
0 0.651901 0.475130 0.088281 0.156667
0 0.677865 0.099965 0.030625 0.042237
0 0.749974 0.409898 0.085781 0.130685
0 0.596016 0.229778 0.041094 0.064037
0 0.672813 0.323843 0.063437 0.092574
0 0.733490 0.128648 0.031146 0.047685
0 0.783516 0.140667 0.032448 0.048648
0 0.750156 0.209741 0.052604 0.065630
0 0.595104 0.155569 0.033854 0.050250
0 0.635052 0.138583 0.029687 0.056019
0 0.541562 0.130093 0.025521 0.042241
1 0.842839 0.237954 0.064531 0.100241
2 0.578698 0.090029 0.027396 0.062109
0 0.614141 0.093713 0.021406 0.034222
