0 0.520974 0.754769 0.123573 0.307611
0 0.653750 0.484824 0.089479 0.160019
0 0.677161 0.099243 0.030260 0.042719
0 0.753672 0.419444 0.086510 0.133111
0 0.596562 0.231454 0.041042 0.063870
0 0.674323 0.330259 0.064583 0.096074
0 0.732448 0.128088 0.030521 0.049454
0 0.782630 0.139384 0.030781 0.047046
0 0.748411 0.206935 0.051615 0.065796
0 0.595182 0.156213 0.033490 0.050889
0 0.635625 0.139866 0.030000 0.056657
0 0.541536 0.131694 0.026198 0.043204
1 0.840365 0.234824 0.064583 0.099463
2 0.578984 0.090831 0.027552 0.063393
0 0.614531 0.094433 0.021875 0.035022
