0 0.521198 0.777204 0.124375 0.314667
0 0.655599 0.494519 0.090677 0.163370
0 0.676406 0.098521 0.029896 0.043198
0 0.757370 0.428972 0.087240 0.135500
0 0.597083 0.233139 0.041042 0.063722
0 0.675807 0.336667 0.065781 0.099593
0 0.731406 0.127528 0.029896 0.051204
0 0.781719 0.138106 0.029167 0.045435
0 0.746667 0.204134 0.050625 0.065954
0 0.595313 0.156856 0.033125 0.051528
0 0.636224 0.141148 0.030260 0.057296
0 0.541484 0.133301 0.026823 0.044157
1 0.837865 0.231694 0.064687 0.098648
2 0.579245 0.091629 0.027760 0.064669
0 0.614948 0.095159 0.022292 0.035830
