0 0.520292 0.834815 0.132646 0.308889
0 0.660521 0.526898 0.096146 0.174611
0 0.674349 0.096678 0.029010 0.043996
0 0.769766 0.461269 0.092135 0.147537
0 0.598828 0.240352 0.042135 0.064333
0 0.681458 0.356139 0.070104 0.110648
0 0.728099 0.124806 0.028802 0.053130
0 0.778125 0.134019 0.027187 0.043685
0 0.741458 0.196523 0.047813 0.064843
0 0.595755 0.160301 0.032760 0.053620
0 0.638333 0.144917 0.030729 0.058741
0 0.541198 0.137463 0.027708 0.047685
1 0.829401 0.222241 0.064323 0.094481
2 0.579453 0.093794 0.028177 0.067078
0 0.616120 0.097801 0.023385 0.037269
