0 0.518917 0.852444 0.139250 0.298815
0 0.661719 0.539870 0.099271 0.179074
0 0.673724 0.096277 0.028802 0.043835
0 0.774766 0.474481 0.095677 0.154741
0 0.599427 0.244194 0.043229 0.065315
0 0.684167 0.362787 0.072083 0.114685
0 0.726823 0.123199 0.028958 0.051528
0 0.776302 0.132495 0.028438 0.045120
0 0.739792 0.194523 0.046979 0.063398
0 0.596016 0.162472 0.033177 0.054426
0 0.639271 0.146120 0.030625 0.058907
0 0.541016 0.138426 0.027344 0.049296
1 0.825885 0.219037 0.063750 0.091926
2 0.579141 0.094356 0.028281 0.066917
0 0.616484 0.099003 0.023594 0.037106
0 0.980182 0.481519 0.041719 0.133037
