0 0.516182 0.875130 0.152531 0.253444
0 0.664167 0.565824 0.105625 0.188056
0 0.672448 0.095479 0.028438 0.043524
0 0.784792 0.500926 0.102708 0.169185
0 0.600703 0.251889 0.045365 0.067259
0 0.689583 0.376083 0.076042 0.122685
0 0.724297 0.119995 0.029323 0.048324
0 0.772682 0.129449 0.030990 0.048009
0 0.736458 0.190509 0.045417 0.060500
0 0.596562 0.166787 0.033854 0.056019
0 0.641172 0.148519 0.030469 0.059222
0 0.540677 0.140347 0.026667 0.052491
1 0.818854 0.212625 0.062708 0.086787
2 0.578542 0.095479 0.028438 0.066598
0 0.617188 0.101405 0.023958 0.036783
0 0.974557 0.459491 0.052969 0.122241
