0 0.666589 0.591796 0.111927 0.197037
0 0.671198 0.094678 0.028125 0.043200
0 0.794766 0.527370 0.109740 0.183593
0 0.601953 0.259583 0.047552 0.069167
0 0.695000 0.389389 0.080000 0.130704
0 0.721771 0.116792 0.029687 0.045120
0 0.769089 0.126407 0.033490 0.050889
0 0.733125 0.186505 0.043750 0.057620
0 0.597083 0.171116 0.034583 0.057620
0 0.643073 0.150926 0.030208 0.059537
0 0.540313 0.142273 0.025937 0.055694
1 0.811797 0.206222 0.061615 0.081667
2 0.577891 0.096601 0.028594 0.066280
0 0.617917 0.103812 0.024271 0.036469
0 0.968906 0.437454 0.064271 0.111463
