0 0.669661 0.608380 0.114635 0.207130
0 0.670469 0.093956 0.027917 0.042719
0 0.801146 0.544593 0.115104 0.192407
0 0.601510 0.262778 0.047188 0.072037
0 0.698073 0.399083 0.081458 0.133426
0 0.720495 0.115750 0.028802 0.044648
0 0.767344 0.125042 0.033021 0.048806
0 0.731198 0.184426 0.043125 0.056667
0 0.597083 0.172241 0.035104 0.058593
0 0.643437 0.153093 0.030625 0.061630
0 0.539896 0.144194 0.026875 0.054741
1 0.809115 0.203806 0.059792 0.081648
2 0.577786 0.097081 0.028802 0.067561
0 0.617865 0.105013 0.024583 0.036307
0 0.965755 0.429694 0.070573 0.111944
