0 0.672734 0.624954 0.117344 0.217241
0 0.669740 0.093234 0.027708 0.042235
0 0.807500 0.561824 0.120417 0.201204
0 0.601068 0.266000 0.046823 0.074926
0 0.701120 0.408778 0.082865 0.136148
0 0.719245 0.114708 0.027865 0.044157
0 0.765573 0.123685 0.032604 0.046722
0 0.729245 0.182338 0.042552 0.055694
0 0.597109 0.173361 0.035677 0.059537
0 0.643776 0.155255 0.030990 0.063713
0 0.539479 0.146120 0.027917 0.053778
1 0.806406 0.201407 0.058021 0.081667
2 0.577708 0.097561 0.028958 0.068841
0 0.617839 0.106214 0.024844 0.036146
0 0.962604 0.421917 0.076875 0.112426
