0 0.675807 0.641556 0.120052 0.227333
0 0.669036 0.092511 0.027552 0.041756
0 0.813854 0.579046 0.125729 0.210019
0 0.600625 0.269204 0.046458 0.077815
0 0.704193 0.418472 0.084323 0.138870
0 0.717969 0.113669 0.026979 0.043681
0 0.763828 0.122319 0.032135 0.044639
0 0.727292 0.180250 0.041875 0.054722
0 0.597109 0.174486 0.036198 0.060509
0 0.644141 0.157417 0.031302 0.065796
0 0.539089 0.148042 0.028906 0.052806
1 0.803724 0.199005 0.056198 0.081657
2 0.577604 0.098042 0.029167 0.070120
0 0.617786 0.107415 0.025156 0.035985
0 0.959453 0.414157 0.083177 0.112907
