0 0.678854 0.658139 0.122708 0.237426
0 0.668307 0.091790 0.027344 0.041272
0 0.820208 0.596269 0.131042 0.218833
0 0.600156 0.272398 0.046146 0.080685
0 0.707266 0.428167 0.085781 0.141593
0 0.716719 0.112624 0.026146 0.043196
0 0.762057 0.120958 0.031719 0.042565
0 0.725365 0.178167 0.041250 0.053778
0 0.597109 0.175611 0.036719 0.061481
0 0.644505 0.159579 0.031719 0.067880
0 0.538698 0.149963 0.029896 0.051852
1 0.801016 0.196597 0.054427 0.081657
2 0.577526 0.098521 0.029323 0.071402
0 0.617734 0.108617 0.025365 0.035822
0 0.956302 0.406370 0.089479 0.113407
