0 0.681927 0.674731 0.125417 0.247537
0 0.667604 0.091068 0.027187 0.040791
0 0.826562 0.613500 0.136354 0.227667
0 0.599714 0.275611 0.045781 0.083593
0 0.710313 0.437870 0.087188 0.144333
0 0.715469 0.111584 0.025208 0.042720
0 0.760312 0.119597 0.031250 0.040472
0 0.723437 0.176088 0.040625 0.052824
0 0.597083 0.176727 0.037292 0.062435
0 0.644870 0.161741 0.032031 0.069963
0 0.538255 0.151889 0.030885 0.050889
1 0.798281 0.194199 0.052604 0.081676
2 0.577422 0.099002 0.029531 0.072681
0 0.617682 0.109822 0.025677 0.035670
0 0.953125 0.398602 0.095833 0.113870
