0 0.695937 0.755250 0.140312 0.283574
0 0.665651 0.087223 0.027240 0.039831
0 0.862656 0.701167 0.159479 0.269667
0 0.602214 0.285537 0.050260 0.093185
0 0.727578 0.486509 0.111615 0.160500
0 0.712839 0.106455 0.024323 0.039831
0 0.755417 0.112704 0.030521 0.037907
0 0.717708 0.168477 0.039479 0.051380
0 0.598307 0.181463 0.037552 0.057148
0 0.647396 0.166551 0.034583 0.066750
0 0.538828 0.153574 0.028385 0.051370
1 0.788568 0.183384 0.049740 0.079269
2 0.577891 0.099722 0.031302 0.073481
0 0.619401 0.111501 0.026719 0.038387
0 0.932161 0.369194 0.091927 0.106648
