0 0.703229 0.797889 0.148438 0.300889
0 0.664818 0.085141 0.027448 0.039515
0 0.882474 0.748120 0.171406 0.291759
0 0.604219 0.290028 0.053542 0.097685
0 0.737031 0.512463 0.126979 0.169481
0 0.711953 0.103730 0.024323 0.038226
0 0.753359 0.109019 0.030365 0.037591
0 0.715182 0.164787 0.039115 0.051056
0 0.599115 0.183852 0.037396 0.052963
0 0.648828 0.168310 0.035990 0.063231
0 0.539453 0.153407 0.025990 0.052333
1 0.783880 0.177769 0.049010 0.077648
2 0.578255 0.099881 0.032448 0.073163
0 0.620573 0.111824 0.027292 0.040315
0 0.921172 0.354769 0.086823 0.101537
