0 0.709141 0.830824 0.152448 0.288907
0 0.663932 0.083459 0.027448 0.039674
0 0.899193 0.789574 0.169427 0.285852
0 0.605625 0.297880 0.055729 0.100574
0 0.748359 0.541139 0.134323 0.180056
0 0.710078 0.101569 0.024219 0.037752
0 0.750651 0.105573 0.029948 0.037428
0 0.712526 0.160861 0.039219 0.050574
0 0.599714 0.186981 0.037448 0.052815
0 0.649870 0.170403 0.037031 0.064194
0 0.539089 0.154852 0.026406 0.053296
1 0.779557 0.172394 0.048281 0.075880
2 0.578203 0.100765 0.033073 0.074285
0 0.621432 0.113426 0.027552 0.041593
0 0.911120 0.342194 0.083906 0.099130
