0 0.713646 0.854037 0.152500 0.247481
0 0.662943 0.082176 0.027240 0.040315
0 0.918464 0.825454 0.165156 0.251870
0 0.606432 0.309093 0.057031 0.101852
0 0.761510 0.572556 0.133542 0.192222
0 0.707292 0.099963 0.024063 0.038389
0 0.747318 0.102369 0.029427 0.037430
0 0.709740 0.156694 0.039688 0.049926
0 0.600052 0.190833 0.037812 0.056667
0 0.650495 0.172796 0.037552 0.069630
0 0.537734 0.157898 0.029427 0.054259
1 0.775599 0.167273 0.047552 0.073972
2 0.577760 0.102369 0.033229 0.076854
0 0.621979 0.116310 0.027500 0.042231
0 0.902005 0.331454 0.082969 0.099463
