0 0.715911 0.865657 0.152448 0.226833
0 0.662448 0.081534 0.027187 0.040635
0 0.923828 0.843398 0.154427 0.234870
0 0.606849 0.314713 0.057656 0.102500
0 0.768099 0.588269 0.133177 0.198315
0 0.705885 0.099163 0.023958 0.038711
0 0.745677 0.100766 0.029167 0.037431
0 0.708333 0.154611 0.040000 0.049611
0 0.600260 0.192759 0.038021 0.058593
0 0.650833 0.174005 0.037812 0.072361
0 0.537057 0.159421 0.030990 0.054731
1 0.773594 0.164713 0.047188 0.073019
2 0.577526 0.103171 0.033281 0.078139
0 0.622266 0.117750 0.027552 0.042556
0 0.897448 0.326083 0.082500 0.099611
