0 0.718177 0.877287 0.152500 0.206167
0 0.661953 0.080894 0.027135 0.040954
0 0.929193 0.861343 0.143698 0.217870
0 0.607214 0.320324 0.058281 0.103130
0 0.774688 0.603963 0.132812 0.204407
0 0.704505 0.098363 0.023802 0.039033
0 0.743984 0.099165 0.028906 0.037430
0 0.706953 0.152532 0.040260 0.049287
0 0.600443 0.194676 0.038177 0.060500
0 0.651146 0.175208 0.038125 0.075102
0 0.536391 0.160944 0.032531 0.055222
1 0.771615 0.162144 0.046875 0.072046
2 0.577318 0.103969 0.033385 0.079413
0 0.622526 0.119194 0.027552 0.042870
0 0.892917 0.320722 0.082083 0.099778
