0 0.720417 0.888917 0.152500 0.185500
0 0.661458 0.080253 0.026979 0.041272
0 0.934557 0.879278 0.132969 0.200889
0 0.607630 0.325926 0.058906 0.103778
0 0.781250 0.619676 0.132500 0.210500
0 0.703125 0.097562 0.023750 0.039357
0 0.742318 0.097562 0.028594 0.037431
0 0.705521 0.150444 0.040521 0.048963
0 0.600599 0.196602 0.038385 0.062426
0 0.651458 0.176407 0.038333 0.077815
0 0.535698 0.162463 0.034021 0.055704
1 0.769635 0.159574 0.046458 0.071074
2 0.577083 0.104771 0.033542 0.080698
0 0.622786 0.120639 0.027552 0.043204
0 0.888359 0.315352 0.081615 0.099926
