0 0.629167 0.707500 0.141667 0.328778
0 0.686380 0.065348 0.024740 0.035185
0 0.634010 0.319037 0.083125 0.139037
0 0.778672 0.500694 0.113281 0.183093
0 0.659245 0.076488 0.026198 0.041117
0 0.519786 0.111021 0.029594 0.054735
0 0.580859 0.144838 0.039427 0.054417
0 0.757917 0.145236 0.039271 0.058417
0 0.822057 0.144116 0.050885 0.059380
0 0.579323 0.095075 0.029896 0.046239
0 0.864245 0.247806 0.071406 0.085019
0 0.559453 0.080733 0.024219 0.046404
0 0.611484 0.078408 0.025677 0.043035
0 0.959349 0.486583 0.083385 0.148167
0 0.980859 0.326657 0.040365 0.093685
