0 0.634401 0.747556 0.151406 0.336481
0 0.684870 0.060542 0.023490 0.034543
0 0.637526 0.325444 0.082969 0.138370
0 0.794115 0.530019 0.118125 0.197519
0 0.656458 0.070877 0.025625 0.040794
0 0.519344 0.108139 0.029438 0.052815
0 0.580859 0.146116 0.038385 0.055694
0 0.754479 0.138662 0.041042 0.058102
0 0.816536 0.137227 0.048906 0.057139
0 0.578984 0.093953 0.030260 0.048483
0 0.858203 0.238667 0.068385 0.084037
0 0.558281 0.077848 0.024063 0.045119
0 0.612083 0.076649 0.025104 0.042720
0 0.954844 0.462694 0.092396 0.142722
0 0.976615 0.311750 0.048854 0.094648
