0 0.646771 0.832843 0.156667 0.295796
0 0.681224 0.053170 0.022135 0.033263
0 0.648464 0.350130 0.089740 0.148333
0 0.838151 0.624333 0.136615 0.239667
0 0.651276 0.061181 0.025365 0.037107
0 0.517854 0.105893 0.028979 0.051530
0 0.581484 0.152051 0.037656 0.058583
0 0.747448 0.126889 0.041458 0.055056
0 0.805156 0.124806 0.045417 0.056019
0 0.578620 0.094034 0.030781 0.048969
0 0.843906 0.219190 0.061979 0.078769
0 0.557344 0.076246 0.024271 0.042878
0 0.613490 0.076247 0.025208 0.041598
0 0.930885 0.412148 0.102917 0.130074
0 0.965938 0.283139 0.070208 0.095759
