0 0.677786 0.053010 0.021406 0.033583
0 0.666771 0.397398 0.106146 0.174278
0 0.899453 0.771602 0.145260 0.263722
0 0.648568 0.058457 0.025365 0.032300
0 0.516510 0.112466 0.029896 0.054420
0 0.583307 0.165514 0.039844 0.065009
0 0.741042 0.121116 0.035104 0.048009
0 0.794896 0.118233 0.043229 0.056978
0 0.579870 0.101407 0.029323 0.044481
0 0.828385 0.203972 0.058021 0.070759
0 0.559688 0.084261 0.025417 0.044163
0 0.616745 0.084739 0.027760 0.041911
0 0.890260 0.366954 0.098021 0.115315
0 0.944245 0.264222 0.077344 0.091259
1 0.600156 0.048522 0.025521 0.043196
