0 0.677057 0.053169 0.019635 0.034544
0 0.673724 0.414556 0.108490 0.178444
0 0.918906 0.818222 0.131562 0.246704
0 0.647839 0.058298 0.024323 0.033904
0 0.516771 0.114869 0.031146 0.054096
0 0.583828 0.170963 0.040156 0.069481
0 0.738464 0.119199 0.033490 0.046083
0 0.790911 0.115829 0.042135 0.053454
0 0.580781 0.105251 0.027917 0.045757
0 0.823359 0.200292 0.057656 0.070454
0 0.560391 0.086822 0.025365 0.046078
0 0.619089 0.088748 0.028490 0.043522
0 0.880234 0.351250 0.091719 0.109537
0 0.936849 0.257806 0.078385 0.087426
1 0.601328 0.049483 0.025781 0.043200
