0 0.676354 0.053331 0.017813 0.035506
0 0.680677 0.431704 0.110833 0.182630
0 0.940234 0.864861 0.121615 0.229722
0 0.647135 0.058138 0.023229 0.035506
0 0.517036 0.117270 0.032385 0.053774
0 0.584375 0.176407 0.040521 0.073963
0 0.735833 0.117273 0.031875 0.044157
0 0.786927 0.113425 0.041042 0.049928
0 0.581667 0.109099 0.026458 0.047043
0 0.818333 0.196602 0.057292 0.070130
0 0.561120 0.089386 0.025365 0.048006
0 0.621458 0.092754 0.029167 0.045122
0 0.870208 0.335546 0.085417 0.103759
0 0.929453 0.251398 0.079427 0.083574
1 0.602500 0.050445 0.025937 0.043198
