0 0.675703 0.052849 0.018698 0.036146
0 0.684740 0.440991 0.113542 0.188093
0 0.646406 0.056456 0.022812 0.035026
0 0.516734 0.117274 0.032156 0.053137
0 0.584609 0.178093 0.041719 0.075407
0 0.735156 0.116069 0.032500 0.044324
0 0.785495 0.111904 0.041094 0.051693
0 0.581823 0.109498 0.027292 0.048485
0 0.816146 0.194278 0.056979 0.068037
0 0.560990 0.089546 0.025313 0.046722
0 0.621562 0.092914 0.028750 0.044802
0 0.865365 0.330574 0.084687 0.102815
0 0.925729 0.248213 0.077396 0.082944
1 0.602370 0.051006 0.025677 0.043998
