0 0.674427 0.051887 0.020521 0.037430
0 0.692813 0.459574 0.118958 0.198963
0 0.644974 0.053089 0.022135 0.034063
0 0.516115 0.117270 0.031625 0.051848
0 0.585052 0.181458 0.044062 0.078306
0 0.733802 0.113669 0.033750 0.044644
0 0.782604 0.108856 0.041042 0.055213
0 0.582083 0.110304 0.028854 0.051374
0 0.811823 0.189634 0.056250 0.063880
0 0.560729 0.089867 0.025104 0.044156
0 0.621823 0.093234 0.027813 0.044161
0 0.855625 0.320639 0.083229 0.100870
0 0.918229 0.241796 0.073229 0.081667
1 0.602083 0.052128 0.025104 0.045604
