0 0.673828 0.051406 0.021406 0.038069
0 0.696875 0.468870 0.121667 0.204407
0 0.644219 0.051406 0.021771 0.033583
0 0.515792 0.117273 0.031333 0.051213
0 0.585286 0.183144 0.045260 0.079750
0 0.733125 0.112463 0.034375 0.044796
0 0.781172 0.107335 0.041094 0.056978
0 0.582214 0.110703 0.029740 0.052817
0 0.809661 0.187306 0.055885 0.061796
0 0.560573 0.090026 0.025000 0.042874
0 0.621979 0.093394 0.027396 0.043841
0 0.850755 0.315667 0.082552 0.099926
0 0.914505 0.238583 0.071198 0.081019
1 0.601953 0.052689 0.024844 0.046404
