0 0.855911 0.820870 0.207656 0.317704
0 0.502703 0.111984 0.038344 0.057624
0 0.586562 0.229773 0.057292 0.096083
0 0.707839 0.077126 0.029427 0.043674
0 0.749896 0.068234 0.037812 0.050891
0 0.582786 0.119918 0.036198 0.055220
0 0.765156 0.130491 0.045104 0.051370
0 0.561146 0.094676 0.029167 0.050889
0 0.632656 0.109822 0.031563 0.052337
0 0.776120 0.206218 0.061094 0.070120
0 0.846823 0.164148 0.053229 0.072519
1 0.606276 0.053570 0.033490 0.057141
0 0.855234 0.309824 0.090573 0.112907
0 0.963490 0.299722 0.075104 0.117704
