0 0.865547 0.833620 0.202969 0.296093
0 0.502526 0.112947 0.038698 0.058587
0 0.587161 0.233306 0.057656 0.096093
0 0.706719 0.077049 0.029896 0.045124
0 0.748828 0.067433 0.036927 0.048326
0 0.583125 0.122241 0.035521 0.055370
0 0.763490 0.129611 0.045417 0.049611
0 0.561302 0.095960 0.029687 0.050894
0 0.633151 0.111824 0.031302 0.051852
0 0.773958 0.203968 0.058750 0.066917
0 0.844818 0.162144 0.052240 0.071083
1 0.606849 0.055094 0.032760 0.056980
0 0.850286 0.304296 0.087760 0.109852
0 0.961693 0.296278 0.078698 0.118815
