0 0.875182 0.846380 0.198281 0.274463
0 0.502344 0.113905 0.039062 0.059543
0 0.587813 0.236815 0.058021 0.096074
0 0.705573 0.076969 0.030313 0.046563
0 0.747734 0.066631 0.035990 0.045763
0 0.583490 0.124565 0.034792 0.055537
0 0.761849 0.128731 0.045677 0.047852
0 0.561484 0.097240 0.030260 0.050891
0 0.633646 0.113825 0.031042 0.051369
0 0.771797 0.201731 0.056406 0.063722
0 0.842760 0.160144 0.051250 0.069639
1 0.607370 0.056615 0.032031 0.056819
0 0.845391 0.298769 0.084948 0.106833
0 0.959896 0.292833 0.082292 0.119963
