0 0.498927 0.120157 0.043771 0.065315
0 0.597891 0.300444 0.078385 0.123963
0 0.697161 0.067272 0.031302 0.044159
0 0.733672 0.058137 0.032969 0.043196
0 0.588724 0.149486 0.039427 0.060509
0 0.742318 0.110543 0.041615 0.048007
0 0.563542 0.111505 0.029167 0.048009
0 0.645234 0.141792 0.037865 0.054731
0 0.743385 0.165829 0.054583 0.070120
0 0.814792 0.137944 0.045937 0.064352
1 0.615495 0.073040 0.031302 0.065309
0 0.799375 0.242278 0.071354 0.096074
0 0.908620 0.245157 0.078906 0.113389
0 0.571120 0.042753 0.021615 0.031657
