0 0.498839 0.119678 0.042698 0.064996
0 0.598620 0.305176 0.076406 0.123796
0 0.696693 0.066711 0.030260 0.042715
0 0.733125 0.057416 0.033125 0.042076
0 0.588828 0.150685 0.038802 0.060019
0 0.741536 0.109739 0.040990 0.046078
0 0.563906 0.112947 0.029896 0.048328
0 0.646484 0.144194 0.037448 0.055704
0 0.742396 0.163671 0.053854 0.067731
0 0.814089 0.137144 0.044323 0.060509
1 0.616354 0.074563 0.031979 0.065152
0 0.796901 0.238028 0.069115 0.093981
0 0.905625 0.242028 0.077187 0.113537
0 0.571458 0.043794 0.021875 0.032141
