0 0.498745 0.119194 0.041615 0.064669
0 0.599349 0.309898 0.074427 0.123648
0 0.696250 0.066150 0.029167 0.041274
0 0.732578 0.056695 0.033281 0.040954
0 0.588984 0.151884 0.038177 0.059546
0 0.740781 0.108939 0.040313 0.044159
0 0.564271 0.114389 0.030625 0.048648
0 0.647760 0.146597 0.037083 0.056657
0 0.741406 0.161505 0.053125 0.065324
0 0.813359 0.136343 0.042656 0.056667
1 0.617188 0.076086 0.032604 0.064994
0 0.794427 0.233787 0.066875 0.091907
0 0.902604 0.238907 0.075521 0.113704
0 0.571745 0.044836 0.022135 0.032620
