0 0.498661 0.118714 0.040531 0.064350
0 0.600078 0.314630 0.072448 0.123481
0 0.695807 0.065589 0.028073 0.039833
0 0.732057 0.055974 0.033490 0.039833
0 0.589141 0.153088 0.037552 0.059065
0 0.740026 0.108139 0.039740 0.042241
0 0.564635 0.115831 0.031354 0.048969
0 0.649010 0.149005 0.036771 0.057620
0 0.740417 0.159343 0.052396 0.062907
0 0.812630 0.135542 0.041094 0.052806
1 0.618073 0.077610 0.033229 0.064835
0 0.791927 0.229528 0.064583 0.089833
0 0.899557 0.235782 0.073802 0.113880
0 0.572083 0.045878 0.022396 0.033104
