0 0.498120 0.118315 0.037469 0.062593
0 0.603385 0.335546 0.069375 0.125574
0 0.694089 0.063506 0.025156 0.035987
0 0.729922 0.053491 0.032865 0.036789
0 0.590104 0.158699 0.036979 0.059380
0 0.737448 0.104612 0.037292 0.037109
0 0.566042 0.122079 0.033542 0.051528
0 0.653750 0.159894 0.037188 0.062102
0 0.736276 0.151245 0.049219 0.054731
0 0.807865 0.131213 0.036042 0.043204
1 0.621432 0.084340 0.035990 0.066117
0 0.782161 0.214713 0.057865 0.084241
0 0.887448 0.223597 0.068333 0.111620
0 0.573307 0.050045 0.023594 0.035346
