0 0.497849 0.119356 0.037635 0.061789
0 0.604583 0.342278 0.072292 0.128148
0 0.693724 0.063106 0.025573 0.036467
0 0.729427 0.053169 0.031667 0.037109
0 0.590703 0.160704 0.038385 0.061148
0 0.737187 0.103489 0.036771 0.037744
0 0.566354 0.124005 0.033646 0.053139
0 0.654687 0.163588 0.038750 0.063713
0 0.735104 0.149644 0.048125 0.053769
0 0.805260 0.129292 0.035833 0.045120
1 0.622266 0.086504 0.036927 0.067881
0 0.779818 0.212625 0.057865 0.084861
0 0.884375 0.220792 0.067917 0.108898
0 0.573568 0.051086 0.023906 0.036146
