0 0.497031 0.122481 0.038187 0.059389
0 0.608099 0.362472 0.080885 0.135833
0 0.692656 0.061903 0.026667 0.037909
0 0.727943 0.052207 0.028177 0.038070
0 0.592448 0.166708 0.042396 0.066435
0 0.736354 0.100126 0.035104 0.039674
0 0.567292 0.129773 0.033958 0.057935
0 0.657552 0.174648 0.043333 0.068519
0 0.731589 0.144833 0.044844 0.050889
0 0.797396 0.123519 0.035312 0.050889
1 0.624661 0.092993 0.039635 0.073163
0 0.772786 0.206380 0.057865 0.086796
0 0.875182 0.212380 0.066823 0.100722
0 0.574375 0.054211 0.025000 0.038548
