0 0.496766 0.123523 0.038365 0.058583
0 0.609245 0.369194 0.083802 0.138389
0 0.692292 0.061503 0.026979 0.038391
0 0.727448 0.051888 0.026979 0.038391
0 0.593047 0.168713 0.043802 0.068204
0 0.736094 0.099002 0.034583 0.040311
0 0.567630 0.131694 0.034010 0.059537
0 0.658464 0.178329 0.044844 0.070120
0 0.730417 0.143231 0.043750 0.049926
0 0.794792 0.121602 0.035104 0.052815
1 0.625469 0.095156 0.040521 0.074928
0 0.770443 0.204296 0.057865 0.087444
0 0.872135 0.209574 0.066458 0.098000
0 0.574661 0.055254 0.025365 0.039352
