0 0.496583 0.123843 0.038354 0.059537
0 0.610312 0.377769 0.084062 0.143352
0 0.691719 0.061423 0.026562 0.037909
0 0.726354 0.052129 0.026667 0.037269
0 0.593203 0.172329 0.044323 0.069009
0 0.734922 0.098281 0.034219 0.039511
0 0.567187 0.133699 0.034583 0.059065
0 0.659401 0.180255 0.045052 0.069157
0 0.729115 0.141551 0.042813 0.050083
0 0.793411 0.119676 0.035469 0.053130
1 0.626094 0.095640 0.040625 0.075572
0 0.767969 0.201727 0.057187 0.085509
0 0.868828 0.207014 0.066406 0.097676
0 0.574922 0.056294 0.025156 0.038870
