0 0.496224 0.124481 0.038365 0.061463
0 0.612370 0.394926 0.084635 0.153296
0 0.690521 0.061262 0.025625 0.036946
0 0.724193 0.052608 0.025885 0.035024
0 0.593594 0.179532 0.045417 0.070602
0 0.732578 0.096840 0.033490 0.037913
0 0.566276 0.137708 0.035677 0.058102
0 0.661198 0.184102 0.045417 0.067241
0 0.726484 0.138185 0.040781 0.050407
0 0.790703 0.115828 0.036198 0.053770
1 0.627266 0.096600 0.040781 0.076856
0 0.763021 0.196597 0.055938 0.081657
0 0.862266 0.201884 0.066198 0.097046
0 0.575443 0.058378 0.024844 0.037911
