0 0.496047 0.124806 0.038365 0.062426
0 0.613411 0.403500 0.084844 0.158259
0 0.689948 0.061182 0.025208 0.036469
0 0.723099 0.052849 0.025573 0.033906
0 0.593750 0.183144 0.045937 0.071417
0 0.731406 0.096120 0.033125 0.037111
0 0.565807 0.139708 0.036198 0.057620
0 0.662109 0.186028 0.045573 0.066278
0 0.725208 0.136505 0.039792 0.050565
0 0.789375 0.113906 0.036563 0.054094
1 0.627839 0.097079 0.040885 0.077491
0 0.760521 0.194037 0.055313 0.079741
0 0.858958 0.199324 0.066146 0.096722
0 0.575729 0.059420 0.024687 0.037430
