0 0.495865 0.125125 0.038354 0.063398
0 0.614453 0.412056 0.085156 0.163222
0 0.689349 0.061103 0.024740 0.035987
0 0.722031 0.053089 0.025208 0.032781
0 0.593958 0.186736 0.046458 0.072194
0 0.730234 0.095395 0.032760 0.036302
0 0.565365 0.141708 0.036771 0.057139
0 0.662995 0.187949 0.045781 0.065324
0 0.723880 0.134819 0.038802 0.050731
0 0.788021 0.111985 0.036875 0.054419
1 0.628411 0.097562 0.040990 0.078135
0 0.758047 0.191477 0.054635 0.077824
0 0.855677 0.196759 0.066042 0.096407
0 0.575990 0.060461 0.024479 0.036948
