0 0.495234 0.124801 0.038906 0.061787
0 0.618646 0.438907 0.089583 0.169481
0 0.687318 0.058619 0.023594 0.035826
0 0.719609 0.050765 0.025052 0.032941
0 0.593958 0.194356 0.046667 0.072694
0 0.726641 0.092755 0.032969 0.038713
0 0.565000 0.146597 0.035625 0.059861
0 0.667396 0.196593 0.047188 0.072037
0 0.719609 0.129773 0.036927 0.049287
0 0.783698 0.106213 0.037083 0.054093
1 0.630625 0.101566 0.041458 0.080054
0 0.752240 0.183139 0.052396 0.079093
0 0.846250 0.189870 0.065625 0.090000
0 0.575729 0.063427 0.026146 0.040313
0 0.948099 0.443880 0.105885 0.142870
