0 0.494552 0.123843 0.039708 0.057944
0 0.623359 0.466306 0.095781 0.171389
0 0.685156 0.055013 0.022500 0.036307
0 0.717578 0.046919 0.025260 0.034865
0 0.593672 0.200361 0.046094 0.072204
0 0.722969 0.089869 0.033750 0.043520
0 0.565156 0.150926 0.033229 0.064667
0 0.672682 0.206704 0.049115 0.083593
0 0.715130 0.124722 0.035573 0.046889
0 0.779245 0.100444 0.036823 0.053131
1 0.633073 0.106855 0.041979 0.081976
0 0.747240 0.174486 0.050000 0.083917
0 0.837057 0.183380 0.065052 0.080870
0 0.574922 0.066311 0.028802 0.046081
0 0.926172 0.410944 0.104219 0.133741
