0 0.494333 0.123523 0.039979 0.056657
0 0.624948 0.475444 0.097813 0.172037
0 0.684453 0.053811 0.022135 0.036467
0 0.716901 0.045637 0.025365 0.035507
0 0.593594 0.202366 0.045937 0.072046
0 0.721771 0.088905 0.034063 0.045117
0 0.565182 0.152370 0.032448 0.066278
0 0.674453 0.210060 0.049740 0.087435
0 0.713646 0.123042 0.035104 0.046083
0 0.777734 0.098521 0.036719 0.052809
1 0.633880 0.108617 0.042135 0.082619
0 0.745573 0.171597 0.049167 0.085509
0 0.833984 0.181208 0.064844 0.077806
0 0.574635 0.067272 0.029687 0.048004
0 0.920547 0.399963 0.107031 0.130704
