0 0.494245 0.115671 0.040885 0.059546
0 0.659375 0.703481 0.138958 0.290963
0 0.594583 0.232500 0.054792 0.100259
0 0.708594 0.070958 0.029375 0.037428
0 0.559167 0.172241 0.040521 0.071407
0 0.698854 0.262944 0.056771 0.102148
0 0.696693 0.098363 0.036198 0.047367
0 0.755937 0.078808 0.033125 0.048643
1 0.639453 0.122882 0.047552 0.086791
0 0.722031 0.133778 0.041042 0.066278
0 0.805885 0.146597 0.049375 0.076528
0 0.573021 0.071920 0.023958 0.039352
0 0.842109 0.290981 0.077135 0.099296
0 0.968281 0.321593 0.065521 0.113074
