0 0.494063 0.115108 0.039438 0.059061
0 0.663203 0.726889 0.144115 0.303778
0 0.594792 0.235787 0.054896 0.100426
0 0.707578 0.070156 0.028906 0.037428
0 0.559245 0.173287 0.041094 0.069648
0 0.701094 0.268241 0.058646 0.104741
0 0.695521 0.096839 0.035104 0.045600
0 0.755156 0.077369 0.032708 0.048967
1 0.640234 0.125204 0.048385 0.088870
0 0.720807 0.131454 0.040260 0.064833
0 0.803854 0.144917 0.050521 0.075407
0 0.573281 0.072802 0.023750 0.039833
0 0.837786 0.284583 0.076198 0.097056
0 0.965807 0.317750 0.070469 0.113389
