0 0.493880 0.114549 0.038010 0.058587
0 0.667057 0.750287 0.149219 0.316574
0 0.595026 0.239065 0.054948 0.100574
0 0.706510 0.069355 0.028438 0.037428
0 0.559323 0.174324 0.041562 0.067870
0 0.703281 0.273528 0.060521 0.107315
0 0.694349 0.095319 0.034010 0.043843
0 0.754401 0.075928 0.032240 0.049293
1 0.640990 0.127530 0.049167 0.090959
0 0.719609 0.129130 0.039427 0.063389
0 0.801797 0.143236 0.051719 0.074287
0 0.573568 0.073682 0.023594 0.040313
0 0.833438 0.278167 0.075312 0.094815
0 0.963333 0.313907 0.075417 0.113704
