0 0.493698 0.113986 0.036563 0.058102
0 0.670885 0.773704 0.154375 0.329444
0 0.595234 0.242361 0.055052 0.100722
0 0.705495 0.068554 0.027969 0.037430
0 0.559401 0.175366 0.042135 0.066120
0 0.705495 0.278815 0.062448 0.109852
0 0.693203 0.093794 0.032969 0.042078
0 0.753646 0.074483 0.031771 0.049607
1 0.641771 0.129852 0.050000 0.093037
0 0.718385 0.126806 0.038646 0.061944
0 0.799766 0.141551 0.052865 0.073157
0 0.573828 0.074565 0.023385 0.040796
0 0.829141 0.271759 0.074427 0.092556
0 0.960833 0.310065 0.080417 0.114019
