0 0.493521 0.113429 0.035104 0.057624
0 0.674714 0.797102 0.159531 0.342278
0 0.595469 0.245639 0.055104 0.100870
0 0.704453 0.067754 0.027552 0.037430
0 0.559505 0.176412 0.042656 0.064361
0 0.707682 0.284102 0.064323 0.112426
0 0.692031 0.092271 0.031875 0.040309
0 0.752865 0.073044 0.031354 0.049931
1 0.642526 0.132179 0.050781 0.095124
0 0.717187 0.124486 0.037812 0.060509
0 0.797760 0.139866 0.054062 0.072046
0 0.574115 0.075445 0.023229 0.041276
0 0.824792 0.265361 0.073542 0.090315
0 0.958359 0.306213 0.085365 0.114352
