0 0.492979 0.113748 0.035479 0.051856
0 0.683021 0.852204 0.153750 0.253741
0 0.595833 0.261343 0.057292 0.104093
0 0.700677 0.061984 0.027187 0.034865
0 0.559141 0.191472 0.044115 0.072685
0 0.717630 0.308139 0.071198 0.110500
0 0.689844 0.086821 0.030417 0.040950
0 0.747083 0.070155 0.029896 0.049283
1 0.648464 0.139867 0.049740 0.095119
0 0.711042 0.119673 0.037812 0.058580
0 0.789453 0.132819 0.049010 0.066917
0 0.573047 0.081536 0.026823 0.044483
0 0.810391 0.247389 0.067031 0.091593
0 0.940469 0.286019 0.081979 0.106000
