0 0.492708 0.113906 0.035667 0.048967
0 0.687161 0.879769 0.150885 0.209537
0 0.596016 0.269204 0.058385 0.105704
0 0.698776 0.059099 0.027031 0.033583
0 0.558984 0.199000 0.044844 0.076852
0 0.722578 0.320157 0.074635 0.109537
0 0.688776 0.084101 0.029740 0.041280
0 0.744219 0.068714 0.029167 0.048969
1 0.651458 0.143718 0.049167 0.095120
0 0.707969 0.117272 0.037812 0.057622
0 0.785312 0.129287 0.046458 0.064352
0 0.572500 0.084580 0.028646 0.046081
0 0.803151 0.238435 0.063802 0.092241
0 0.932708 0.275926 0.082708 0.101852
