0 0.497302 0.117755 0.038354 0.060509
0 0.602240 0.301417 0.063229 0.116278
0 0.697161 0.064387 0.030260 0.040315
0 0.557891 0.218718 0.044844 0.077824
0 0.743958 0.374972 0.091354 0.138389
0 0.687161 0.083137 0.027552 0.037430
0 0.736901 0.066791 0.028594 0.045122
1 0.657943 0.164870 0.055677 0.106667
0 0.700651 0.111505 0.036198 0.059546
0 0.777474 0.122560 0.050260 0.070120
0 0.575182 0.095157 0.030781 0.053778
0 0.787474 0.219681 0.059427 0.079750
0 0.908099 0.251889 0.082135 0.109556
0 0.478646 0.152847 0.062708 0.067231
