0 0.497490 0.117993 0.037812 0.059385
0 0.603151 0.307250 0.065052 0.117722
0 0.697083 0.063345 0.029167 0.039513
0 0.558568 0.222241 0.047135 0.080370
0 0.748672 0.385861 0.092865 0.142241
0 0.686615 0.082255 0.027917 0.036306
0 0.736250 0.066310 0.028542 0.043839
1 0.659896 0.168074 0.056458 0.109222
0 0.700208 0.111183 0.036563 0.060189
0 0.776172 0.121439 0.049635 0.070122
0 0.575729 0.096678 0.030833 0.052330
0 0.785313 0.216231 0.058229 0.077019
0 0.905026 0.250046 0.079844 0.106167
0 0.480578 0.153407 0.061531 0.066759
