0 0.497667 0.118231 0.037271 0.058259
0 0.604036 0.313111 0.066823 0.119148
0 0.696979 0.062304 0.028125 0.038711
0 0.559219 0.225769 0.049375 0.082944
0 0.753411 0.396759 0.094427 0.146074
0 0.686068 0.081373 0.028281 0.035180
0 0.735573 0.065830 0.028438 0.042556
1 0.661823 0.171287 0.057292 0.111796
0 0.699766 0.110864 0.036927 0.060828
0 0.774870 0.120318 0.049010 0.070124
0 0.576276 0.098202 0.030781 0.050893
0 0.783151 0.212782 0.056927 0.074287
0 0.901979 0.248204 0.077500 0.102815
0 0.482521 0.153972 0.060354 0.066278
