0 0.498391 0.119195 0.035115 0.053776
0 0.607656 0.336500 0.074062 0.124926
0 0.696615 0.058138 0.023750 0.035506
0 0.561953 0.239861 0.058385 0.093204
0 0.772318 0.440343 0.100573 0.161463
0 0.683906 0.077849 0.029687 0.030698
0 0.732839 0.063906 0.028073 0.037428
1 0.669583 0.184102 0.060521 0.122056
0 0.697969 0.109581 0.038333 0.063394
0 0.769635 0.115829 0.046458 0.070120
0 0.578437 0.104292 0.030833 0.045120
0 0.774479 0.199005 0.051875 0.063398
0 0.889688 0.240843 0.068125 0.089352
0 0.490271 0.156213 0.055667 0.064352
0 0.566536 0.049964 0.017760 0.034543
