0 0.498255 0.119278 0.034490 0.053296
0 0.608177 0.342917 0.075521 0.128759
0 0.695703 0.057897 0.023594 0.034706
0 0.560755 0.244111 0.057656 0.093037
0 0.778151 0.455333 0.102969 0.168333
0 0.683802 0.077529 0.029167 0.032943
0 0.731745 0.063506 0.028177 0.037591
1 0.671146 0.186824 0.062292 0.122685
0 0.696901 0.107896 0.037656 0.060985
0 0.768099 0.114948 0.045885 0.068678
0 0.578307 0.105975 0.030677 0.045606
0 0.772708 0.196278 0.051354 0.063074
0 0.886432 0.237787 0.068385 0.089352
0 0.491089 0.157264 0.057115 0.062917
0 0.566458 0.049884 0.018333 0.034383
