0 0.498115 0.119352 0.033854 0.052815
0 0.608724 0.349315 0.076927 0.132630
0 0.694818 0.057656 0.023385 0.033902
0 0.559609 0.248361 0.056927 0.092870
0 0.783958 0.470324 0.105417 0.175241
0 0.683724 0.077206 0.028594 0.035180
0 0.730599 0.063105 0.028281 0.037750
1 0.672708 0.189556 0.063958 0.123333
0 0.695807 0.106216 0.036927 0.058587
0 0.766562 0.114068 0.045417 0.067235
0 0.578177 0.107656 0.030625 0.046078
0 0.770885 0.193551 0.050833 0.062750
0 0.883125 0.234741 0.068646 0.089333
0 0.491896 0.158301 0.058542 0.061472
0 0.566354 0.049805 0.018854 0.034224
