0 0.497844 0.119519 0.032583 0.051852
0 0.609818 0.362148 0.079844 0.140296
0 0.693021 0.057176 0.023021 0.032300
0 0.557266 0.256852 0.055469 0.092556
0 0.795599 0.500287 0.110260 0.189019
0 0.683542 0.076569 0.027500 0.039678
0 0.728333 0.062305 0.028438 0.038069
1 0.675885 0.194995 0.067396 0.124602
0 0.693620 0.102851 0.035469 0.053780
0 0.763516 0.112305 0.044323 0.064354
0 0.577891 0.111023 0.030469 0.047046
0 0.767292 0.188111 0.049688 0.062111
0 0.876536 0.228653 0.069219 0.089361
0 0.493510 0.160389 0.061417 0.058593
0 0.566172 0.049644 0.019948 0.033904
