0 0.497708 0.119593 0.031958 0.051370
0 0.610339 0.368556 0.081302 0.144148
0 0.692109 0.056936 0.022865 0.031498
0 0.556094 0.261102 0.054792 0.092389
0 0.801406 0.515269 0.112708 0.195907
0 0.683464 0.076246 0.027031 0.041915
0 0.727240 0.061904 0.028542 0.038230
1 0.677474 0.197722 0.069115 0.125259
0 0.692552 0.101167 0.034792 0.051370
0 0.761979 0.111423 0.043750 0.062913
0 0.577760 0.112703 0.030313 0.047520
0 0.765469 0.185384 0.049167 0.061787
0 0.873255 0.225602 0.069427 0.089352
0 0.494339 0.161426 0.062885 0.057148
0 0.566094 0.049564 0.020521 0.033743
