0 0.497573 0.119676 0.031333 0.050889
0 0.610885 0.374963 0.082708 0.148000
0 0.691198 0.056695 0.022708 0.030698
0 0.554896 0.265352 0.054062 0.092222
0 0.807214 0.530250 0.115156 0.202833
0 0.683385 0.075928 0.026458 0.044163
0 0.726094 0.061503 0.028646 0.038391
1 0.679036 0.200444 0.070781 0.125889
0 0.691484 0.099481 0.034010 0.048963
0 0.760417 0.110543 0.043229 0.061470
0 0.577630 0.114386 0.030260 0.048006
0 0.763698 0.182657 0.048646 0.061463
0 0.869974 0.222565 0.069740 0.089352
0 0.495135 0.162463 0.064313 0.055704
0 0.565990 0.049483 0.021042 0.033581
