0 0.496943 0.119676 0.032948 0.050241
0 0.613854 0.390352 0.084687 0.151852
0 0.690104 0.056375 0.023750 0.031980
0 0.555703 0.272889 0.054219 0.095111
0 0.821823 0.562787 0.129271 0.218500
0 0.681562 0.074802 0.027917 0.039989
0 0.724375 0.059740 0.027396 0.036146
1 0.682813 0.209898 0.071875 0.131981
0 0.688229 0.098841 0.034375 0.052170
0 0.757292 0.107337 0.042708 0.057622
0 0.579245 0.117433 0.030573 0.050893
0 0.760234 0.178329 0.047552 0.057935
0 0.863854 0.218079 0.068646 0.087435
0 0.499911 0.163273 0.064135 0.059231
0 0.566432 0.050766 0.020156 0.033583
