0 0.496630 0.119676 0.033760 0.049926
0 0.615339 0.398046 0.085677 0.153759
0 0.689583 0.056214 0.024271 0.032620
0 0.556120 0.276648 0.054323 0.096556
0 0.829115 0.579056 0.136250 0.226370
0 0.680651 0.074244 0.028594 0.037909
0 0.723516 0.058858 0.026719 0.035024
1 0.684714 0.214620 0.072448 0.135019
0 0.686615 0.098520 0.034583 0.053774
0 0.755703 0.105733 0.042448 0.055700
0 0.580078 0.118954 0.030781 0.052333
0 0.758542 0.176167 0.046979 0.056185
0 0.860781 0.215833 0.068125 0.086481
0 0.502302 0.163671 0.064042 0.060991
0 0.566667 0.051406 0.019688 0.033583
