0 0.496318 0.119676 0.034573 0.049611
0 0.616823 0.405731 0.086667 0.155685
0 0.689036 0.056054 0.024844 0.033263
0 0.556536 0.280407 0.054427 0.098000
0 0.836432 0.595315 0.143281 0.234222
0 0.679766 0.073683 0.029323 0.035826
0 0.722682 0.057978 0.026094 0.033904
1 0.686589 0.219356 0.072969 0.138065
0 0.684974 0.098201 0.034740 0.055376
0 0.754141 0.104131 0.042135 0.053774
0 0.580859 0.120477 0.030990 0.053769
0 0.756823 0.174009 0.046458 0.054426
0 0.857708 0.213593 0.067604 0.085519
0 0.504693 0.164069 0.063948 0.062750
0 0.566901 0.052047 0.019219 0.033583
