0 0.496000 0.119676 0.035375 0.049296
0 0.618307 0.413426 0.087656 0.157630
0 0.688516 0.055894 0.025365 0.033904
0 0.556927 0.284185 0.054479 0.099444
0 0.843750 0.611583 0.150313 0.242093
0 0.678854 0.073121 0.030104 0.033743
0 0.721797 0.057095 0.025469 0.032780
1 0.688490 0.224079 0.073542 0.141102
0 0.683359 0.097881 0.034948 0.056980
0 0.752552 0.102528 0.041875 0.051852
0 0.581667 0.122000 0.031146 0.055222
0 0.755104 0.171838 0.045937 0.052657
0 0.854661 0.211343 0.067031 0.084537
0 0.507078 0.164468 0.063865 0.064509
0 0.567109 0.052688 0.018802 0.033583
