0 0.494328 0.121759 0.038906 0.055056
0 0.621901 0.436500 0.091719 0.165333
0 0.687135 0.053810 0.025729 0.033261
0 0.555547 0.297565 0.056406 0.103463
0 0.870859 0.684593 0.163802 0.276852
0 0.678229 0.070317 0.030625 0.032941
0 0.719870 0.055253 0.024844 0.032943
1 0.693906 0.236338 0.074271 0.147028
0 0.680130 0.094194 0.034740 0.055056
0 0.749792 0.099164 0.040313 0.052172
0 0.584036 0.125764 0.033698 0.054731
0 0.750964 0.165347 0.044844 0.054417
0 0.845781 0.202852 0.063958 0.078778
0 0.510208 0.163583 0.063437 0.062426
0 0.567708 0.055093 0.019062 0.035185
