0 0.493651 0.122801 0.040260 0.058102
0 0.622917 0.444194 0.093229 0.168204
0 0.686745 0.052849 0.025677 0.032620
0 0.554635 0.302370 0.057292 0.104741
0 0.880781 0.712954 0.167083 0.290315
0 0.678385 0.069194 0.030521 0.033581
0 0.719349 0.054771 0.024844 0.033583
1 0.695651 0.240106 0.074323 0.148491
0 0.679323 0.092512 0.034583 0.053291
0 0.749219 0.098280 0.039688 0.053293
0 0.584792 0.126889 0.034896 0.053778
0 0.749740 0.163185 0.044583 0.056185
0 0.842917 0.199722 0.062708 0.076370
0 0.510563 0.162949 0.063250 0.060509
0 0.567891 0.055974 0.019427 0.035989
