0 0.491490 0.126565 0.044042 0.066593
0 0.627812 0.479296 0.100104 0.182630
0 0.684635 0.050686 0.024687 0.031820
0 0.550573 0.323843 0.059792 0.110833
0 0.678177 0.066551 0.030729 0.036628
0 0.716484 0.052849 0.024948 0.035506
1 0.703099 0.256616 0.076927 0.153620
0 0.675573 0.086744 0.033438 0.047846
0 0.745599 0.094915 0.037552 0.055856
0 0.587734 0.133134 0.038906 0.053454
0 0.743880 0.154852 0.043490 0.060352
0 0.831510 0.189069 0.058854 0.071083
0 0.512630 0.162468 0.062344 0.056028
0 0.568255 0.059339 0.019948 0.038230
