0 0.491219 0.127852 0.043500 0.065315
0 0.631302 0.503333 0.104583 0.194148
0 0.682813 0.052128 0.023229 0.034063
0 0.547880 0.337944 0.059448 0.115333
0 0.677005 0.067994 0.031615 0.038872
0 0.714063 0.051888 0.025104 0.035506
1 0.707422 0.267028 0.081615 0.155204
0 0.672943 0.085302 0.032135 0.047526
0 0.741901 0.093474 0.037031 0.054256
0 0.588984 0.138903 0.039948 0.058583
0 0.739479 0.151162 0.042917 0.058102
0 0.826042 0.186500 0.058646 0.074926
0 0.514609 0.165352 0.061615 0.058593
0 0.567891 0.060781 0.018906 0.037907
