0 0.491083 0.128491 0.043229 0.064667
0 0.633073 0.515352 0.106875 0.199926
0 0.681927 0.052848 0.022500 0.035185
0 0.546516 0.345000 0.059260 0.117556
0 0.676432 0.068715 0.032031 0.039993
0 0.712839 0.051406 0.025156 0.035506
1 0.709583 0.272241 0.083958 0.156000
0 0.671641 0.084579 0.031510 0.047361
0 0.740078 0.092754 0.036719 0.053456
0 0.589635 0.141792 0.040521 0.061139
0 0.737266 0.149324 0.042656 0.056981
0 0.823281 0.185222 0.058542 0.076852
0 0.515609 0.166792 0.061281 0.059861
0 0.567708 0.061503 0.018333 0.037750
