0 0.490953 0.129130 0.042969 0.064037
0 0.634818 0.527370 0.109115 0.205704
0 0.681042 0.053570 0.021771 0.036307
0 0.545182 0.352046 0.059115 0.119796
0 0.675833 0.069435 0.032500 0.041115
0 0.711615 0.050926 0.025313 0.035507
1 0.711745 0.277444 0.086302 0.156815
0 0.670339 0.083859 0.030885 0.047207
0 0.738229 0.092033 0.036458 0.052656
0 0.590234 0.144676 0.041094 0.063704
0 0.735052 0.147481 0.042396 0.055852
0 0.820521 0.183944 0.058438 0.078778
0 0.516589 0.168236 0.060885 0.061157
0 0.567552 0.062224 0.017813 0.037589
