0 0.489328 0.121602 0.039177 0.049926
0 0.655781 0.678806 0.140625 0.274944
0 0.530573 0.422806 0.074062 0.151389
0 0.675521 0.056215 0.024271 0.041274
1 0.742995 0.347083 0.101406 0.202833
0 0.661068 0.067031 0.028906 0.042719
0 0.730156 0.074483 0.031875 0.041274
0 0.595625 0.157653 0.038646 0.058583
0 0.722161 0.122079 0.039740 0.048009
0 0.797083 0.153574 0.051042 0.064833
0 0.525849 0.169435 0.054344 0.068685
0 0.564922 0.061022 0.017240 0.040315
0 0.917813 0.401648 0.090833 0.113852
0 0.966068 0.308139 0.069948 0.109537
