0 0.489552 0.120639 0.037646 0.048963
0 0.658568 0.697407 0.144219 0.285185
0 0.528937 0.431537 0.075667 0.157296
0 0.674818 0.054131 0.024115 0.040954
1 0.746458 0.353972 0.101458 0.207944
0 0.660182 0.065349 0.028802 0.042876
0 0.729245 0.072881 0.030990 0.041274
0 0.596380 0.159264 0.038906 0.058917
0 0.721146 0.119838 0.039271 0.048009
0 0.795052 0.150764 0.050417 0.064991
0 0.527141 0.168875 0.053323 0.070435
0 0.564635 0.061182 0.018021 0.040954
0 0.910339 0.391639 0.089948 0.110833
0 0.963411 0.302370 0.075260 0.111148
