0 0.489781 0.119676 0.036104 0.048000
0 0.661354 0.715991 0.147813 0.295426
0 0.527333 0.440278 0.077312 0.163222
0 0.674089 0.052047 0.023906 0.040635
1 0.749948 0.360870 0.101562 0.213074
0 0.659349 0.063666 0.028698 0.043039
0 0.728359 0.071279 0.030052 0.041276
0 0.597135 0.160866 0.039167 0.059231
0 0.720078 0.117593 0.038802 0.048000
0 0.793021 0.147963 0.049792 0.065148
0 0.528458 0.168319 0.052354 0.072213
0 0.564375 0.061343 0.018750 0.041596
0 0.902865 0.381620 0.089063 0.107796
0 0.960755 0.296593 0.080573 0.112741
