0 0.489333 0.118472 0.035750 0.049130
0 0.667839 0.751972 0.156719 0.302648
0 0.523542 0.460787 0.080729 0.175426
0 0.672266 0.049723 0.024115 0.040794
1 0.757240 0.376491 0.104792 0.220907
0 0.657188 0.061103 0.028021 0.042398
0 0.726094 0.069194 0.029896 0.041596
0 0.599063 0.165273 0.040521 0.061639
0 0.717526 0.112782 0.038385 0.047361
0 0.788568 0.143792 0.049740 0.064509
0 0.529568 0.168315 0.051698 0.072852
0 0.563932 0.061983 0.019427 0.041915
0 0.890078 0.363750 0.086510 0.105389
0 0.949141 0.286593 0.078281 0.115481
