0 0.488646 0.118236 0.036917 0.051213
0 0.671484 0.769361 0.162031 0.299611
0 0.521380 0.472556 0.082552 0.181667
0 0.671198 0.049483 0.024479 0.041274
1 0.761068 0.385213 0.107969 0.223648
0 0.655859 0.060220 0.027344 0.041596
0 0.724740 0.068714 0.030625 0.041917
0 0.600234 0.168074 0.041615 0.063704
0 0.715990 0.110221 0.038333 0.046724
0 0.786120 0.142431 0.050260 0.063713
0 0.529391 0.168875 0.052052 0.071731
0 0.563724 0.062465 0.019427 0.041596
0 0.884740 0.355898 0.084896 0.106019
0 0.943958 0.282333 0.078229 0.116593
