0 0.487979 0.117993 0.038083 0.053293
0 0.675130 0.786731 0.167344 0.296537
0 0.519198 0.484343 0.084312 0.187907
0 0.670130 0.049244 0.024844 0.041754
1 0.764896 0.393963 0.111146 0.226370
0 0.654557 0.059339 0.026719 0.040793
0 0.723385 0.068233 0.031354 0.042237
0 0.601432 0.170880 0.042656 0.065796
0 0.714453 0.107656 0.038385 0.046078
0 0.783698 0.141069 0.050833 0.062917
0 0.529208 0.169440 0.052417 0.070602
0 0.563568 0.062945 0.019427 0.041276
0 0.879427 0.348046 0.083229 0.106648
0 0.938802 0.278093 0.078125 0.117704
