0 0.485859 0.119354 0.041781 0.057941
0 0.689245 0.864843 0.174115 0.232907
0 0.508313 0.555250 0.094625 0.214352
0 0.666849 0.049804 0.024115 0.043196
1 0.790729 0.455898 0.131250 0.259870
0 0.649818 0.058297 0.025365 0.037750
0 0.718776 0.067593 0.032031 0.044800
0 0.606927 0.187625 0.045208 0.073972
0 0.707266 0.099806 0.037448 0.046407
0 0.773776 0.135704 0.050052 0.061148
0 0.528776 0.175602 0.049740 0.065315
0 0.563542 0.066471 0.019062 0.038069
0 0.852839 0.314231 0.079115 0.097685
0 0.913958 0.260065 0.074062 0.114981
