0 0.485724 0.122481 0.042052 0.055537
0 0.693958 0.903824 0.160312 0.151241
0 0.501687 0.608620 0.101938 0.225870
0 0.666849 0.051727 0.021406 0.043198
1 0.812240 0.509500 0.147187 0.297852
0 0.648620 0.060702 0.026198 0.036789
0 0.717969 0.068794 0.029896 0.047204
0 0.609896 0.200125 0.044167 0.076861
0 0.703333 0.099562 0.036146 0.049765
0 0.769844 0.133778 0.046562 0.062111
0 0.528911 0.182338 0.044052 0.062435
0 0.564375 0.069596 0.018542 0.034704
0 0.836875 0.298843 0.080208 0.081352
0 0.900026 0.252130 0.068385 0.105852
