0 0.485677 0.123523 0.042146 0.054731
0 0.695521 0.916806 0.155729 0.123981
0 0.499479 0.626407 0.104375 0.229741
0 0.666875 0.052369 0.020521 0.043198
1 0.819375 0.527370 0.152500 0.310519
0 0.648229 0.061503 0.026458 0.036465
0 0.717708 0.069195 0.029167 0.048006
0 0.610885 0.204287 0.043750 0.077796
0 0.702031 0.099482 0.035625 0.050887
0 0.768542 0.133139 0.045417 0.062426
0 0.528937 0.184579 0.042125 0.061472
0 0.564635 0.070638 0.018333 0.033583
0 0.831562 0.293722 0.080521 0.075889
0 0.895391 0.249481 0.066510 0.102815
