0 0.492708 0.123037 0.041063 0.051852
0 0.485672 0.753806 0.116781 0.294167
0 0.664974 0.049964 0.023177 0.040313
1 0.879427 0.645157 0.200104 0.394167
0 0.644974 0.054772 0.022135 0.040315
0 0.716094 0.066792 0.031354 0.047043
0 0.617656 0.227370 0.051875 0.098963
0 0.699323 0.092755 0.030208 0.047046
0 0.762344 0.126889 0.042708 0.067241
0 0.532740 0.192273 0.049729 0.076861
0 0.543302 0.078062 0.047708 0.105950
0 0.568958 0.075447 0.020521 0.045124
0 0.812344 0.263917 0.068125 0.085500
0 0.876719 0.225931 0.060521 0.092250
0 0.592214 0.040349 0.022656 0.036465
