0 0.491990 0.124644 0.041063 0.050565
0 0.481167 0.786833 0.121833 0.283926
0 0.664870 0.048682 0.023385 0.038391
1 0.891875 0.687463 0.187083 0.401852
0 0.644688 0.054291 0.022292 0.036789
0 0.715807 0.065830 0.030052 0.047044
0 0.619714 0.234583 0.053177 0.097352
0 0.698255 0.091631 0.030260 0.044163
0 0.760599 0.125769 0.042135 0.066278
0 0.534526 0.196764 0.049698 0.076213
0 0.544406 0.080234 0.047708 0.104765
0 0.569245 0.078808 0.021094 0.045439
0 0.806875 0.257657 0.067187 0.085833
0 0.869792 0.220958 0.060000 0.093194
0 0.593125 0.042272 0.021562 0.033263
