0 0.491630 0.125444 0.041073 0.049926
0 0.478917 0.803315 0.124354 0.278741
0 0.664818 0.048041 0.023490 0.037430
1 0.898073 0.708620 0.180625 0.405685
0 0.644557 0.054051 0.022448 0.035024
0 0.715677 0.065349 0.029479 0.047043
0 0.620755 0.238185 0.053802 0.096556
0 0.697682 0.091069 0.030260 0.042715
0 0.759740 0.125205 0.041875 0.065794
0 0.535443 0.199000 0.049740 0.075889
0 0.544969 0.081321 0.047708 0.104172
0 0.569375 0.080494 0.021354 0.045604
0 0.804115 0.254528 0.066771 0.085981
0 0.866328 0.218477 0.059740 0.093676
0 0.593594 0.043233 0.021042 0.031659
