0 0.490542 0.127847 0.041063 0.048009
0 0.472156 0.852852 0.131937 0.263370
0 0.664687 0.046119 0.023750 0.034544
1 0.918620 0.772102 0.164844 0.417278
0 0.644141 0.053330 0.022656 0.029737
0 0.715286 0.063907 0.027552 0.047044
0 0.623880 0.249000 0.055677 0.094148
0 0.696068 0.089388 0.030260 0.038391
0 0.757188 0.123520 0.041042 0.064348
0 0.538151 0.205727 0.049740 0.074917
0 0.546635 0.084581 0.047708 0.102394
0 0.569766 0.085542 0.022135 0.046083
0 0.795859 0.245157 0.065365 0.086463
0 0.855911 0.211019 0.058906 0.095111
0 0.594922 0.046119 0.019427 0.026852
