0 0.490724 0.128972 0.041073 0.050889
0 0.468917 0.885241 0.130500 0.198037
0 0.665677 0.047881 0.023229 0.036146
1 0.932214 0.802361 0.137656 0.354722
0 0.643073 0.053169 0.022708 0.030057
0 0.714271 0.062465 0.026979 0.044159
0 0.626484 0.260065 0.056198 0.098981
0 0.695703 0.088429 0.030990 0.040957
0 0.754740 0.121440 0.041250 0.059546
0 0.538693 0.209102 0.049385 0.078463
0 0.547740 0.086753 0.047708 0.101209
0 0.570052 0.086661 0.021979 0.046400
0 0.789661 0.237630 0.061615 0.082296
0 0.850859 0.207333 0.056719 0.093519
0 0.596198 0.049644 0.021250 0.029415
