0 0.490906 0.130093 0.041063 0.053778
0 0.465677 0.917583 0.129062 0.132611
0 0.666693 0.049644 0.022656 0.037748
1 0.945833 0.832667 0.110417 0.292259
0 0.641979 0.053009 0.022708 0.030378
0 0.713281 0.061022 0.026458 0.041274
0 0.629089 0.271130 0.056719 0.103778
0 0.695365 0.087464 0.031667 0.043517
0 0.752318 0.119355 0.041406 0.054735
0 0.539208 0.212468 0.048979 0.081991
0 0.548297 0.088728 0.048156 0.102000
0 0.570312 0.087785 0.021771 0.046726
0 0.783438 0.230102 0.057813 0.078130
0 0.845781 0.203653 0.054583 0.091917
0 0.597448 0.053169 0.023021 0.031980
