0 0.490995 0.130653 0.041073 0.055213
0 0.464052 0.933759 0.128354 0.099889
0 0.667188 0.050526 0.022396 0.038552
1 0.952630 0.847824 0.096823 0.261019
0 0.641432 0.052930 0.022656 0.030537
0 0.712786 0.060302 0.026198 0.039833
0 0.630391 0.276648 0.057031 0.106185
0 0.695182 0.086981 0.032031 0.044796
0 0.751120 0.118315 0.041510 0.052333
0 0.539495 0.214148 0.048823 0.083741
0 0.548297 0.089618 0.048594 0.103383
0 0.570469 0.088345 0.021667 0.046883
0 0.780313 0.226333 0.055938 0.076037
0 0.843281 0.201801 0.053542 0.091102
0 0.598073 0.054932 0.023958 0.033261
