0 0.503260 0.164866 0.038375 0.072046
0 0.584922 0.216796 0.047031 0.085519
0 0.857526 0.671120 0.160573 0.261463
1 0.521109 0.199486 0.050281 0.110509
0 0.562474 0.147079 0.038906 0.061472
0 0.682552 0.085058 0.031354 0.052809
0 0.707708 0.063906 0.031875 0.048969
0 0.595729 0.109099 0.042708 0.072043
0 0.665495 0.199486 0.058906 0.091287
0 0.777734 0.144676 0.052969 0.066278
0 0.567604 0.043234 0.026458 0.042235
0 0.518021 0.041358 0.037146 0.079013
0 0.972969 0.331694 0.056146 0.130722
0 0.448854 0.471046 0.173271 0.507537
