0 0.503349 0.165750 0.038198 0.071241
0 0.585495 0.218000 0.046927 0.086000
0 0.865807 0.694676 0.164219 0.273981
1 0.520974 0.200046 0.049823 0.111944
0 0.562526 0.148042 0.039219 0.061472
0 0.682448 0.083938 0.032396 0.053772
0 0.706849 0.062464 0.031406 0.049287
0 0.597031 0.110701 0.042604 0.072043
0 0.667526 0.204449 0.059740 0.094472
0 0.775495 0.142352 0.052969 0.065796
0 0.567708 0.044917 0.026250 0.043359
0 0.517990 0.041556 0.037208 0.079407
0 0.970391 0.325287 0.061302 0.129426
0 0.448979 0.471120 0.173292 0.507685
