0 0.503443 0.166630 0.038010 0.070444
0 0.586094 0.219194 0.046875 0.086463
0 0.874115 0.718231 0.167813 0.286463
1 0.520839 0.200602 0.049365 0.113389
0 0.562578 0.149005 0.039427 0.061472
0 0.682370 0.082817 0.033490 0.054737
0 0.705990 0.061022 0.030937 0.049607
0 0.598359 0.112304 0.042552 0.072041
0 0.669583 0.209417 0.060521 0.097685
0 0.773255 0.140028 0.052969 0.065315
0 0.567786 0.046599 0.026094 0.044480
0 0.517964 0.041753 0.037260 0.079802
0 0.967839 0.318880 0.066406 0.128130
0 0.449104 0.471194 0.173313 0.507833
