0 0.503531 0.167514 0.037833 0.069639
0 0.586693 0.220398 0.046719 0.086944
0 0.882422 0.741796 0.171406 0.298963
1 0.520698 0.201162 0.048917 0.114824
0 0.562604 0.149963 0.039688 0.061463
0 0.682292 0.081696 0.034583 0.055700
0 0.705156 0.059580 0.030521 0.049930
0 0.599661 0.113905 0.042448 0.072043
0 0.671615 0.214389 0.061354 0.100889
0 0.770964 0.137704 0.052969 0.064833
0 0.567891 0.048281 0.025885 0.045604
0 0.517938 0.041951 0.037312 0.080198
0 0.965260 0.312463 0.071563 0.126852
0 0.449229 0.471269 0.173354 0.507981
