0 0.503620 0.168394 0.037656 0.068843
0 0.587266 0.221602 0.046615 0.087426
0 0.890703 0.765343 0.175052 0.311463
1 0.520563 0.201722 0.048458 0.116259
0 0.562656 0.150926 0.040000 0.061463
0 0.682187 0.080576 0.035625 0.056663
0 0.704271 0.058138 0.030104 0.050250
0 0.600964 0.115507 0.042344 0.072041
0 0.673620 0.219356 0.062135 0.104102
0 0.768724 0.135380 0.052969 0.064352
0 0.567969 0.049965 0.025729 0.046722
0 0.517906 0.042148 0.037375 0.080593
0 0.962682 0.306065 0.076719 0.125574
0 0.449354 0.471343 0.173375 0.508130
