0 0.504036 0.170801 0.037031 0.068213
0 0.588672 0.225208 0.046927 0.086954
0 0.913151 0.824880 0.175781 0.313204
1 0.520698 0.203250 0.046729 0.117722
0 0.563672 0.153653 0.040156 0.060509
0 0.681146 0.078330 0.037396 0.057619
0 0.701875 0.055093 0.029792 0.049607
0 0.605104 0.120799 0.043229 0.072365
0 0.680208 0.235940 0.063229 0.111306
0 0.762995 0.129375 0.052135 0.063231
0 0.568568 0.054210 0.025469 0.049128
0 0.517823 0.042741 0.037542 0.081778
0 0.955078 0.287944 0.091927 0.122370
0 0.449729 0.471565 0.173458 0.508574
