0 0.504240 0.171440 0.036729 0.069157
0 0.588906 0.226412 0.047396 0.085509
0 0.917708 0.837315 0.166667 0.290000
1 0.521099 0.203653 0.045927 0.116287
0 0.564557 0.154449 0.039844 0.059546
0 0.680286 0.078329 0.036927 0.056657
0 0.701198 0.054933 0.030417 0.048326
0 0.606641 0.122881 0.044323 0.072683
0 0.682734 0.242593 0.062656 0.112111
0 0.761771 0.128009 0.051354 0.063074
0 0.568984 0.055092 0.025573 0.049287
0 0.517797 0.042938 0.037594 0.082172
0 0.952604 0.282657 0.096875 0.121722
0 0.449854 0.471639 0.173479 0.508722
