0 0.504474 0.172083 0.036469 0.070130
0 0.589115 0.227602 0.047813 0.084056
0 0.922266 0.849741 0.157552 0.266815
1 0.521505 0.204051 0.045115 0.114824
0 0.565443 0.155255 0.039427 0.058583
0 0.679427 0.078328 0.036458 0.055696
0 0.700521 0.054772 0.031042 0.047044
0 0.608177 0.124962 0.045417 0.073002
0 0.685260 0.249241 0.062187 0.112889
0 0.760573 0.126648 0.050521 0.062907
0 0.569375 0.055974 0.025625 0.049448
0 0.517771 0.043136 0.037646 0.082569
0 0.943099 0.277361 0.087865 0.121093
0 0.449979 0.471713 0.173521 0.508870
