0 0.504703 0.172718 0.036219 0.071083
0 0.589349 0.228815 0.048281 0.082630
0 0.926823 0.862139 0.148438 0.243500
1 0.521911 0.204454 0.044302 0.113389
0 0.566354 0.156051 0.039062 0.057620
0 0.678594 0.078328 0.036042 0.054733
0 0.699870 0.054611 0.031719 0.045763
0 0.609714 0.127048 0.046510 0.073330
0 0.687786 0.255889 0.061615 0.113704
0 0.759349 0.125282 0.049740 0.062750
0 0.569792 0.056856 0.025729 0.049607
0 0.517740 0.043333 0.037708 0.082963
0 0.938646 0.272083 0.088854 0.120426
0 0.450104 0.471787 0.173542 0.509019
