0 0.504911 0.173366 0.035906 0.072046
0 0.589583 0.230019 0.048750 0.081185
0 0.931354 0.874574 0.139375 0.220296
1 0.522318 0.204856 0.043490 0.111954
0 0.567266 0.156856 0.038698 0.056657
0 0.677734 0.078328 0.035573 0.053770
0 0.699193 0.054451 0.032344 0.044480
0 0.611250 0.129131 0.047604 0.073646
0 0.690312 0.262546 0.061042 0.114500
0 0.758151 0.123921 0.048906 0.062583
0 0.570208 0.057737 0.025833 0.049767
0 0.517714 0.043531 0.037760 0.083357
0 0.934193 0.266787 0.089844 0.119796
0 0.450229 0.471861 0.173563 0.509167
