0 0.511651 0.184574 0.037844 0.071074
0 0.597370 0.276889 0.052448 0.096074
1 0.524620 0.231694 0.049719 0.117241
0 0.574115 0.176894 0.038333 0.067250
0 0.668490 0.066310 0.031354 0.044161
0 0.684167 0.048042 0.029167 0.046083
0 0.634401 0.163426 0.052969 0.082630
0 0.745573 0.460065 0.093542 0.170130
0 0.732865 0.099966 0.037812 0.057624
0 0.576250 0.075926 0.026458 0.051852
0 0.517188 0.047284 0.038812 0.090865
0 0.856693 0.186028 0.067031 0.091278
0 0.553021 0.045637 0.020000 0.035507
0 0.595182 0.043234 0.022135 0.032620
0 0.452604 0.473269 0.174104 0.511981
