0 0.510948 0.184181 0.037896 0.070602
0 0.597943 0.278176 0.054323 0.098981
1 0.525161 0.231380 0.050615 0.117241
0 0.574401 0.177931 0.040156 0.069324
0 0.668099 0.065029 0.031615 0.045120
0 0.635729 0.164551 0.053750 0.084231
0 0.750208 0.479213 0.099792 0.180537
0 0.731667 0.097719 0.039271 0.056656
0 0.576146 0.076807 0.027813 0.053293
0 0.517146 0.047456 0.038896 0.091209
0 0.854141 0.182176 0.065469 0.089352
0 0.553281 0.045797 0.020000 0.036146
0 0.595651 0.043314 0.022344 0.033102
0 0.452729 0.473343 0.174125 0.512130
