0 0.510276 0.183787 0.037990 0.070130
0 0.598542 0.279463 0.056250 0.101852
1 0.525698 0.231060 0.051521 0.117250
0 0.574635 0.178977 0.041979 0.071417
0 0.667656 0.063746 0.031875 0.046081
0 0.637031 0.165676 0.054583 0.085833
0 0.754844 0.498370 0.105938 0.190963
0 0.730521 0.095476 0.040729 0.055696
0 0.575990 0.077688 0.029167 0.054735
0 0.517104 0.047630 0.038979 0.091556
0 0.851562 0.178333 0.063958 0.087444
0 0.553568 0.045957 0.019948 0.036789
0 0.596094 0.043394 0.022500 0.033581
0 0.452854 0.473417 0.174146 0.512278
