0 0.508932 0.182977 0.038177 0.069157
0 0.599687 0.282019 0.060000 0.107630
1 0.526781 0.230407 0.053312 0.117222
0 0.575182 0.181060 0.045573 0.075583
0 0.666875 0.061182 0.032396 0.048006
0 0.639661 0.167912 0.056198 0.089028
0 0.764141 0.536667 0.118385 0.211778
0 0.728151 0.090991 0.043594 0.053778
0 0.575729 0.079450 0.031875 0.057619
0 0.517021 0.047975 0.039146 0.092246
0 0.846432 0.170634 0.060885 0.083583
0 0.554089 0.046278 0.019948 0.038070
0 0.597005 0.043555 0.022865 0.034543
0 0.453104 0.473565 0.174208 0.512574
