0 0.508260 0.182583 0.038271 0.068685
0 0.600313 0.283306 0.061875 0.110500
1 0.527318 0.230097 0.054219 0.117250
0 0.575469 0.182097 0.047396 0.077657
0 0.666458 0.059901 0.032708 0.048969
0 0.640964 0.169037 0.057031 0.090630
0 0.768776 0.555815 0.124635 0.222185
0 0.727005 0.088748 0.045052 0.052819
0 0.575599 0.080331 0.033177 0.059059
0 0.516979 0.048148 0.039229 0.092593
0 0.843854 0.166787 0.059375 0.081648
0 0.554375 0.046439 0.020000 0.038711
0 0.597448 0.043634 0.023021 0.035024
0 0.453229 0.473639 0.174229 0.512722
