0 0.508115 0.181537 0.037625 0.069481
0 0.602318 0.290028 0.064531 0.111463
1 0.528401 0.230093 0.054760 0.118519
0 0.577266 0.184417 0.050781 0.079093
0 0.665052 0.056535 0.032396 0.048326
0 0.644323 0.174972 0.060208 0.094167
0 0.785859 0.633611 0.143073 0.268519
0 0.723568 0.083618 0.045260 0.051209
0 0.576823 0.081856 0.034375 0.058585
0 0.516854 0.048667 0.039479 0.093630
0 0.836615 0.158306 0.059271 0.079426
0 0.555365 0.047080 0.021042 0.039674
0 0.598620 0.043715 0.024323 0.034222
0 0.453604 0.473861 0.174313 0.513167
