0 0.508396 0.181218 0.037271 0.070120
0 0.603047 0.292759 0.064844 0.110519
1 0.528682 0.230255 0.054615 0.119157
0 0.578047 0.185060 0.051615 0.078769
0 0.664557 0.055493 0.032135 0.047526
0 0.645365 0.177366 0.061354 0.095120
0 0.792083 0.662935 0.149271 0.286463
0 0.722448 0.082175 0.044583 0.050891
0 0.577474 0.082178 0.034323 0.057626
0 0.516813 0.048840 0.039562 0.093976
0 0.834271 0.155977 0.060000 0.079269
0 0.555729 0.047319 0.021562 0.039831
0 0.598984 0.043715 0.024844 0.033581
0 0.453729 0.473935 0.174354 0.513315
