0 0.508948 0.180574 0.036583 0.071407
0 0.604505 0.298204 0.065573 0.108593
1 0.529229 0.230574 0.054250 0.120444
0 0.579583 0.186343 0.053229 0.078130
0 0.663568 0.053409 0.031615 0.045922
0 0.647422 0.182181 0.063698 0.097046
0 0.804505 0.721602 0.161510 0.322352
0 0.720182 0.079292 0.043281 0.050250
0 0.578828 0.082818 0.034115 0.055698
0 0.516729 0.049185 0.039729 0.094667
0 0.829583 0.151329 0.061458 0.078935
0 0.556432 0.047801 0.022656 0.040154
0 0.599714 0.043714 0.025885 0.032302
0 0.453870 0.473991 0.174240 0.513500
