0 0.509198 0.180255 0.036188 0.072046
0 0.605208 0.300926 0.065937 0.107630
1 0.529490 0.230736 0.054042 0.121083
0 0.580313 0.186981 0.054062 0.077815
0 0.663073 0.052369 0.031354 0.045122
0 0.648464 0.184583 0.064844 0.098019
0 0.810729 0.750926 0.167604 0.340296
0 0.719062 0.077850 0.042708 0.049930
0 0.579505 0.083140 0.034010 0.054739
0 0.516688 0.049358 0.039813 0.095013
0 0.827240 0.149000 0.062187 0.078778
0 0.556797 0.048041 0.023177 0.040315
0 0.600052 0.043714 0.026458 0.031661
0 0.453880 0.473963 0.174094 0.513556
