0 0.509021 0.180176 0.036542 0.071241
0 0.605365 0.302528 0.065313 0.109204
1 0.530151 0.230977 0.055740 0.121565
0 0.580573 0.186583 0.053229 0.076685
0 0.662786 0.050846 0.030885 0.044959
0 0.650339 0.186255 0.064948 0.098157
0 0.818594 0.772657 0.172292 0.317093
0 0.718385 0.075848 0.040937 0.048489
0 0.579896 0.082816 0.033854 0.055054
0 0.516646 0.049531 0.039896 0.095357
0 0.824557 0.144838 0.059531 0.076213
0 0.556589 0.047561 0.022760 0.041274
0 0.600573 0.044034 0.026875 0.032943
0 0.453896 0.473935 0.173958 0.513611
