0 0.508661 0.180014 0.037260 0.069639
0 0.605625 0.305731 0.064062 0.112426
1 0.531510 0.231458 0.059167 0.122528
0 0.581016 0.185787 0.051615 0.074463
0 0.662135 0.047800 0.030000 0.044641
0 0.654036 0.189630 0.065156 0.098481
0 0.834271 0.816083 0.181667 0.270611
0 0.717057 0.071839 0.037552 0.045600
0 0.580599 0.082178 0.033490 0.055700
0 0.516563 0.049877 0.040063 0.096050
0 0.819245 0.136505 0.054323 0.071083
0 0.556146 0.046599 0.021875 0.043198
0 0.601562 0.044677 0.027813 0.035506
0 0.453922 0.473889 0.173677 0.513704
