0 0.508443 0.180657 0.040615 0.074130
0 0.610599 0.338833 0.069010 0.126704
1 0.537464 0.237306 0.069448 0.130389
0 0.581484 0.193069 0.049010 0.079083
0 0.656094 0.042512 0.029792 0.038550
0 0.672135 0.220792 0.069062 0.117231
0 0.707839 0.060220 0.034323 0.045441
0 0.587005 0.090509 0.037135 0.061148
0 0.516146 0.051605 0.040896 0.099506
0 0.797917 0.110781 0.047917 0.062587
0 0.556302 0.045317 0.024063 0.039033
0 0.603542 0.048682 0.028125 0.042557
0 0.966797 0.469037 0.068490 0.173000
0 0.454062 0.473639 0.172292 0.514204
