0 0.507984 0.182412 0.040802 0.072509
0 0.611693 0.349250 0.072969 0.130204
1 0.538823 0.240833 0.071104 0.133593
0 0.581667 0.197560 0.051875 0.085509
0 0.654557 0.042031 0.029948 0.040796
0 0.675130 0.229773 0.071094 0.117231
0 0.705964 0.059581 0.034844 0.048006
0 0.587891 0.093713 0.038906 0.062426
0 0.516062 0.051951 0.041063 0.100198
0 0.792891 0.109341 0.048594 0.064837
0 0.555859 0.047561 0.024531 0.040315
0 0.603984 0.051887 0.029427 0.043196
0 0.957135 0.443713 0.087813 0.176870
0 0.454089 0.473593 0.172010 0.514296
