0 0.507771 0.183301 0.040917 0.071731
0 0.612240 0.354454 0.075000 0.131981
1 0.539479 0.242593 0.071875 0.135185
0 0.581771 0.199806 0.053333 0.088722
0 0.653802 0.041792 0.030104 0.041917
0 0.676615 0.234264 0.072083 0.117250
0 0.705000 0.059258 0.035104 0.049287
0 0.588333 0.095318 0.039792 0.063069
0 0.516021 0.052123 0.041146 0.100543
0 0.790365 0.108617 0.048958 0.065952
0 0.555651 0.048682 0.024844 0.040954
0 0.604219 0.053490 0.030104 0.043520
0 0.952318 0.431056 0.097448 0.178778
0 0.454104 0.473565 0.171875 0.514352
