0 0.507885 0.186185 0.041312 0.071407
0 0.614531 0.370083 0.078125 0.136944
1 0.542734 0.248037 0.074948 0.137741
0 0.582630 0.205412 0.054635 0.094806
0 0.652188 0.041711 0.029896 0.044641
0 0.682396 0.247241 0.074688 0.118519
0 0.702734 0.058298 0.034948 0.049930
0 0.590547 0.100687 0.041510 0.064515
0 0.515896 0.052642 0.041396 0.101580
0 0.783932 0.105815 0.048385 0.065796
0 0.555964 0.052368 0.024740 0.042235
0 0.605208 0.058297 0.031354 0.044480
0 0.940208 0.397481 0.121667 0.177333
0 0.454146 0.473491 0.171458 0.514500
