0 0.508479 0.187306 0.041583 0.072685
0 0.615755 0.375287 0.077344 0.138389
1 0.544625 0.249963 0.076375 0.137111
0 0.583307 0.206537 0.053177 0.094481
0 0.652083 0.042111 0.029479 0.045122
0 0.685260 0.251250 0.075312 0.119796
0 0.702370 0.057977 0.034219 0.048006
0 0.591875 0.102849 0.041458 0.064672
0 0.515854 0.052815 0.041479 0.101926
0 0.782526 0.104452 0.047031 0.063393
0 0.556693 0.053811 0.024115 0.042237
0 0.605755 0.059901 0.031302 0.044802
0 0.931250 0.389222 0.113750 0.172037
0 0.454161 0.473472 0.171323 0.514537
