0 0.509068 0.188426 0.041865 0.073963
0 0.616979 0.380491 0.076458 0.139833
1 0.546536 0.251894 0.077865 0.136472
0 0.583984 0.207657 0.051615 0.094167
0 0.651979 0.042512 0.029167 0.045602
0 0.688099 0.255259 0.075990 0.121074
0 0.702005 0.057656 0.033490 0.046083
0 0.593177 0.105011 0.041354 0.064830
0 0.515813 0.052988 0.041562 0.102272
0 0.781120 0.103090 0.045677 0.060987
0 0.557474 0.055253 0.023490 0.042235
0 0.606302 0.061503 0.031354 0.045120
0 0.926875 0.380972 0.114896 0.166759
0 0.454172 0.473444 0.171177 0.514593
