0 0.509656 0.189556 0.042146 0.075259
0 0.618203 0.385704 0.075677 0.141296
1 0.548427 0.253815 0.079292 0.135815
0 0.584661 0.208773 0.050052 0.093824
0 0.651901 0.042913 0.028802 0.046081
0 0.690937 0.259259 0.076563 0.122370
0 0.701667 0.057336 0.032813 0.044161
0 0.594479 0.107178 0.041250 0.064996
0 0.515771 0.053160 0.041646 0.102617
0 0.779714 0.101727 0.044323 0.058583
0 0.558255 0.056695 0.022865 0.042235
0 0.606823 0.063106 0.031354 0.045441
0 0.922526 0.372731 0.116094 0.161463
0 0.454187 0.473417 0.171042 0.514648
