0 0.510729 0.192519 0.042500 0.076704
0 0.621615 0.401963 0.075104 0.146556
1 0.553318 0.258944 0.081698 0.133593
0 0.586484 0.212227 0.047656 0.091769
0 0.651276 0.042432 0.027552 0.044480
0 0.698151 0.272565 0.078594 0.127796
0 0.700417 0.055974 0.031875 0.040474
0 0.598177 0.113104 0.041458 0.066274
0 0.515646 0.053679 0.041896 0.103654
0 0.775391 0.097238 0.042344 0.055376
0 0.559844 0.060301 0.022500 0.042076
0 0.608646 0.066871 0.031146 0.044961
0 0.906198 0.347806 0.115208 0.146870
0 0.454229 0.473343 0.170625 0.514796
