0 0.510651 0.193231 0.042344 0.075574
0 0.622604 0.407815 0.076250 0.148963
1 0.554464 0.260213 0.081281 0.132611
0 0.587005 0.213421 0.048281 0.090306
0 0.650833 0.041150 0.026979 0.041915
0 0.699687 0.277843 0.079271 0.130685
0 0.699844 0.055253 0.032396 0.040631
0 0.599271 0.114706 0.041771 0.067235
0 0.515604 0.053852 0.041979 0.104000
0 0.773880 0.095475 0.043073 0.056976
0 0.559974 0.061021 0.023385 0.041917
0 0.609349 0.067432 0.030990 0.043839
0 0.898620 0.339389 0.111927 0.142889
0 0.454245 0.473324 0.170490 0.514833
