0 0.510365 0.195398 0.041771 0.072204
0 0.625573 0.425370 0.079479 0.156185
1 0.557849 0.264074 0.079927 0.129741
0 0.588490 0.217028 0.050208 0.085981
0 0.649453 0.037304 0.025365 0.034222
0 0.704271 0.293713 0.081458 0.139352
0 0.698229 0.053089 0.034063 0.041115
0 0.602526 0.119515 0.042865 0.070119
0 0.515354 0.054444 0.042271 0.105185
0 0.769271 0.090189 0.045208 0.061789
0 0.560234 0.063185 0.026094 0.041433
0 0.611510 0.069115 0.030417 0.040474
0 0.875911 0.314148 0.102135 0.130852
0 0.454286 0.473250 0.170073 0.514981
