0 0.510505 0.197083 0.041698 0.071722
0 0.627422 0.438500 0.081198 0.160333
1 0.560417 0.267917 0.079479 0.129426
0 0.589323 0.220319 0.050625 0.085509
0 0.648333 0.036503 0.025104 0.032620
0 0.709375 0.307574 0.083021 0.144000
0 0.696927 0.051728 0.033958 0.040315
0 0.604349 0.122963 0.043490 0.070926
0 0.515021 0.054938 0.042479 0.106172
0 0.765859 0.087626 0.044844 0.061470
0 0.560807 0.065188 0.026719 0.041917
0 0.612578 0.071839 0.030156 0.039833
0 0.862526 0.300046 0.096823 0.123796
0 0.578203 0.048682 0.026406 0.043198
0 0.454313 0.473194 0.169792 0.515093
