0 0.511635 0.201889 0.042146 0.074926
0 0.631693 0.474963 0.084323 0.169148
1 0.567604 0.280741 0.079479 0.132630
0 0.591146 0.230731 0.049688 0.090315
0 0.644948 0.038907 0.026458 0.037430
0 0.727161 0.350444 0.087031 0.152815
0 0.693099 0.048522 0.030781 0.035504
0 0.608203 0.132176 0.044844 0.070130
0 0.514188 0.056173 0.043042 0.108643
0 0.756380 0.083619 0.039427 0.051854
0 0.563307 0.071599 0.025365 0.045120
0 0.614141 0.082658 0.029740 0.042239
0 0.833464 0.271602 0.086510 0.108574
0 0.581146 0.054292 0.023229 0.043198
0 0.454380 0.473074 0.169094 0.515333
