0 0.511906 0.202204 0.041604 0.073963
0 0.633411 0.483861 0.088281 0.174130
1 0.568516 0.283213 0.081823 0.134056
0 0.591484 0.231694 0.050885 0.090315
0 0.645052 0.038586 0.026458 0.035824
0 0.731667 0.358056 0.091563 0.159704
0 0.692500 0.048121 0.030521 0.035665
0 0.609766 0.133940 0.044948 0.071398
0 0.514021 0.056419 0.043146 0.109135
0 0.755156 0.082095 0.039167 0.052013
0 0.563073 0.071119 0.025104 0.043198
0 0.615182 0.083778 0.030365 0.042556
0 0.829193 0.265676 0.084427 0.106981
0 0.582083 0.054852 0.024063 0.043678
0 0.454396 0.473046 0.168958 0.515389
