0 0.512177 0.202523 0.041063 0.072991
0 0.635130 0.492750 0.092240 0.179093
1 0.569427 0.285704 0.084167 0.135519
0 0.591771 0.232657 0.052083 0.090315
0 0.645156 0.038266 0.026458 0.034224
0 0.736198 0.365667 0.096042 0.166593
0 0.691927 0.047721 0.030208 0.035828
0 0.611328 0.135704 0.045052 0.072685
0 0.513854 0.056667 0.043271 0.109630
0 0.753932 0.080572 0.038906 0.052170
0 0.562839 0.070637 0.024844 0.041274
0 0.616198 0.084902 0.030937 0.042881
0 0.824870 0.259741 0.082344 0.105370
0 0.583047 0.055413 0.024844 0.044159
0 0.454411 0.473028 0.168823 0.515426
