0 0.512448 0.202847 0.040521 0.072046
0 0.636849 0.501639 0.096198 0.184056
1 0.570339 0.288194 0.086510 0.136944
0 0.592083 0.233620 0.053229 0.090315
0 0.645234 0.037944 0.026510 0.032622
0 0.740703 0.373278 0.100573 0.173481
0 0.691354 0.047319 0.030000 0.035987
0 0.612917 0.137463 0.045104 0.073963
0 0.513687 0.056914 0.043375 0.110124
0 0.752734 0.079049 0.038594 0.052328
0 0.562604 0.070156 0.024583 0.039354
0 0.617240 0.086021 0.031563 0.043198
0 0.820599 0.253806 0.080260 0.103759
0 0.583984 0.055974 0.025677 0.044641
0 0.454328 0.472972 0.168906 0.515278
