0 0.512719 0.203176 0.039979 0.071093
0 0.638542 0.510546 0.100208 0.189019
1 0.571224 0.290667 0.088802 0.138370
0 0.592422 0.234583 0.054427 0.090315
0 0.645312 0.037625 0.026458 0.031017
0 0.745208 0.380889 0.105104 0.180370
0 0.690755 0.046919 0.029740 0.036146
0 0.614479 0.139227 0.045208 0.075250
0 0.513521 0.057160 0.043479 0.110617
0 0.751510 0.077530 0.038333 0.052496
0 0.562396 0.069676 0.024271 0.037430
0 0.618281 0.087145 0.032188 0.043524
0 0.816328 0.247880 0.078177 0.102167
0 0.584948 0.056535 0.026458 0.045122
0 0.454245 0.472926 0.169010 0.515111
