0 0.512990 0.203491 0.039438 0.070130
0 0.640260 0.519444 0.104167 0.194000
1 0.572109 0.293157 0.091198 0.139833
0 0.592734 0.235537 0.055573 0.090296
0 0.645417 0.037305 0.026458 0.029417
0 0.749714 0.388509 0.109531 0.187278
0 0.690182 0.046519 0.029427 0.036306
0 0.616068 0.140991 0.045260 0.076537
0 0.513354 0.057407 0.043604 0.111111
0 0.750286 0.076006 0.038073 0.052654
0 0.562161 0.069195 0.024010 0.035506
0 0.619297 0.088266 0.032865 0.043839
0 0.812031 0.241954 0.076146 0.100574
0 0.585885 0.057095 0.027292 0.045602
0 0.454161 0.472880 0.169094 0.514944
