0 0.513260 0.203810 0.038896 0.069157
0 0.641979 0.528324 0.108125 0.198981
1 0.573021 0.295639 0.093542 0.141278
0 0.593047 0.236509 0.056719 0.090315
0 0.645521 0.036983 0.026458 0.027815
0 0.754219 0.396111 0.114062 0.194148
0 0.689583 0.046118 0.029167 0.036469
0 0.617656 0.142750 0.045417 0.077815
0 0.513188 0.057655 0.043708 0.111606
0 0.749063 0.074483 0.037812 0.052811
0 0.561927 0.068714 0.023750 0.033583
0 0.620339 0.089385 0.033490 0.044156
0 0.807760 0.236028 0.074062 0.098981
0 0.586823 0.057656 0.028125 0.046083
0 0.454073 0.472833 0.169187 0.514778
