0 0.513714 0.205009 0.040177 0.070907
0 0.643932 0.538741 0.107865 0.203148
1 0.574688 0.297009 0.092708 0.143352
0 0.592891 0.236593 0.056302 0.090481
0 0.758281 0.407972 0.117292 0.196389
0 0.689193 0.045557 0.028906 0.036948
0 0.619349 0.144116 0.046094 0.076694
0 0.513021 0.057901 0.043813 0.112098
0 0.748281 0.073603 0.037292 0.053294
0 0.562708 0.069917 0.024792 0.035344
0 0.620859 0.090591 0.034115 0.045281
0 0.803932 0.230894 0.073281 0.098324
0 0.587396 0.057737 0.028021 0.045922
0 0.453995 0.472778 0.169281 0.514593
