0 0.514604 0.207412 0.042667 0.074435
0 0.647813 0.559574 0.107292 0.211481
1 0.578047 0.299731 0.091094 0.147537
0 0.592630 0.236741 0.055365 0.090778
0 0.766380 0.431704 0.123802 0.200889
0 0.688359 0.044435 0.028385 0.037911
0 0.622786 0.146838 0.047552 0.074454
0 0.512687 0.058395 0.044042 0.113087
0 0.746641 0.071837 0.036198 0.054252
0 0.564245 0.072320 0.026719 0.038870
0 0.621849 0.092995 0.035365 0.047528
0 0.796276 0.220639 0.071615 0.097056
0 0.588594 0.057897 0.027813 0.045602
0 0.453828 0.472676 0.169469 0.514278
