0 0.515062 0.208616 0.043937 0.076213
0 0.649740 0.569991 0.107083 0.215648
1 0.579688 0.301083 0.090313 0.149611
0 0.592474 0.236824 0.054948 0.090944
0 0.770443 0.443565 0.127031 0.203130
0 0.687943 0.043874 0.028073 0.038389
0 0.624505 0.148199 0.048281 0.073324
0 0.512521 0.058642 0.044146 0.113580
0 0.745833 0.070956 0.035625 0.054735
0 0.565000 0.073522 0.027708 0.040633
0 0.622344 0.094195 0.036042 0.048646
0 0.792448 0.215514 0.070833 0.096417
0 0.589167 0.057977 0.027708 0.045443
0 0.453740 0.472630 0.169563 0.514111
