0 0.515516 0.209815 0.045219 0.077963
0 0.651667 0.580407 0.106771 0.219815
1 0.581354 0.302444 0.089479 0.151704
0 0.592370 0.236907 0.054531 0.091111
0 0.774479 0.455417 0.130312 0.205389
0 0.687552 0.043314 0.027813 0.038872
0 0.626224 0.149565 0.049010 0.072204
0 0.512354 0.058889 0.044271 0.114074
0 0.745026 0.070077 0.035156 0.055217
0 0.565755 0.074726 0.028698 0.042400
0 0.622839 0.095395 0.036615 0.049765
0 0.788594 0.210380 0.070000 0.095759
0 0.589740 0.058057 0.027604 0.045281
0 0.453661 0.472583 0.169656 0.513944
