0 0.515974 0.211023 0.046490 0.079731
0 0.653620 0.590824 0.106510 0.223981
1 0.583021 0.303806 0.088646 0.153759
0 0.592240 0.236991 0.054062 0.091278
0 0.778542 0.467269 0.133542 0.207611
0 0.687161 0.042753 0.027552 0.039354
0 0.627917 0.150926 0.049688 0.071074
0 0.512188 0.059136 0.044375 0.114569
0 0.744219 0.069196 0.034583 0.055700
0 0.566536 0.075928 0.029740 0.044163
0 0.623333 0.096600 0.037292 0.050893
0 0.784766 0.205255 0.069219 0.095120
0 0.590339 0.058138 0.027552 0.045120
0 0.453578 0.472528 0.169740 0.513796
