0 0.560026 0.264870 0.078385 0.110519
1 0.678516 0.674963 0.148698 0.380704
0 0.614141 0.424972 0.089219 0.165315
0 0.801823 0.489861 0.133542 0.247056
0 0.503297 0.082049 0.055260 0.160394
0 0.578698 0.136981 0.040000 0.066278
0 0.690130 0.240352 0.069219 0.099926
0 0.666042 0.041792 0.031875 0.041276
0 0.632786 0.126403 0.044323 0.058583
1 0.622240 0.078812 0.037292 0.063394
0 0.563828 0.061022 0.025365 0.039352
0 0.803698 0.161500 0.062708 0.074926
0 0.580052 0.037465 0.024271 0.030696
0 0.447745 0.461370 0.171927 0.513444
