0 0.593490 0.327852 0.082708 0.119148
1 0.738932 0.883630 0.188594 0.203481
0 0.646224 0.603176 0.117344 0.242241
0 0.503297 0.090692 0.059427 0.177680
0 0.592135 0.186185 0.045937 0.071407
0 0.753151 0.380731 0.100573 0.149907
0 0.657813 0.179532 0.051771 0.067713
1 0.639922 0.118393 0.043802 0.084863
0 0.571589 0.095397 0.030469 0.055539
0 0.753099 0.109578 0.045990 0.062104
0 0.588437 0.064469 0.028438 0.044000
0 0.553828 0.037865 0.023073 0.031819
0 0.968151 0.345963 0.065781 0.120778
0 0.449578 0.488630 0.184490 0.534407
