0 0.595286 0.332176 0.084323 0.122019
1 0.740964 0.893713 0.185260 0.182944
0 0.648281 0.614546 0.118958 0.247056
0 0.503297 0.091037 0.059594 0.178370
0 0.592865 0.188750 0.046979 0.075574
0 0.756927 0.389870 0.103229 0.154741
0 0.659036 0.182176 0.052760 0.068204
1 0.640547 0.119997 0.044323 0.084228
0 0.572292 0.096599 0.031146 0.055376
0 0.751693 0.108136 0.045573 0.061783
0 0.588724 0.065990 0.029323 0.044802
0 0.554089 0.038266 0.022865 0.032943
0 0.965208 0.340028 0.071667 0.122389
0 0.449521 0.490009 0.184812 0.535981
