0 0.597083 0.336500 0.085938 0.124926
1 0.742995 0.903796 0.181927 0.162407
0 0.650391 0.625926 0.120573 0.251852
0 0.503297 0.091382 0.059760 0.179061
0 0.593568 0.191306 0.048073 0.079722
0 0.760703 0.399000 0.105990 0.159556
0 0.660234 0.184824 0.053802 0.068685
1 0.641172 0.121598 0.044844 0.083581
0 0.573021 0.097800 0.031875 0.055215
0 0.750312 0.106694 0.045104 0.061465
0 0.588984 0.067512 0.030260 0.045602
0 0.554375 0.038666 0.022708 0.034065
0 0.962292 0.334093 0.077500 0.123963
0 0.449464 0.491389 0.185156 0.537556
