0 0.598906 0.340833 0.087604 0.127815
1 0.745026 0.913926 0.178594 0.141963
0 0.652448 0.637306 0.122187 0.256648
0 0.503297 0.091729 0.059927 0.179754
0 0.594297 0.193880 0.049219 0.083907
0 0.764505 0.408139 0.108698 0.164352
0 0.661458 0.187472 0.054792 0.069167
1 0.641797 0.123204 0.045365 0.082944
0 0.573750 0.099001 0.032604 0.055054
0 0.748906 0.105252 0.044687 0.061144
0 0.589271 0.069034 0.031146 0.046402
0 0.554635 0.039067 0.022500 0.035185
0 0.959349 0.328176 0.083385 0.125574
0 0.449411 0.492778 0.185490 0.539148
