0 0.600703 0.345167 0.089219 0.130704
1 0.747057 0.924019 0.175260 0.121407
0 0.654505 0.648676 0.123802 0.261463
0 0.503146 0.092123 0.060021 0.180543
0 0.595026 0.196435 0.050260 0.088056
0 0.768281 0.417278 0.111354 0.169148
0 0.662682 0.190106 0.055781 0.069639
1 0.642448 0.124804 0.045937 0.082300
0 0.574479 0.100206 0.033333 0.054902
0 0.747526 0.103810 0.044219 0.060824
0 0.589531 0.070557 0.032083 0.047204
0 0.554896 0.039468 0.022292 0.036309
0 0.956432 0.322250 0.089219 0.127167
0 0.448854 0.495148 0.185271 0.542704
