0 0.846536 0.865019 0.225885 0.236444
0 0.496188 0.120830 0.071938 0.216376
0 0.627760 0.361028 0.075312 0.131648
0 0.773776 0.428333 0.101615 0.152815
1 0.703385 0.239546 0.071875 0.129093
0 0.597005 0.195162 0.046615 0.078787
0 0.686979 0.041631 0.028646 0.039030
0 0.596562 0.136981 0.040313 0.054741
0 0.567526 0.081052 0.029531 0.044156
0 0.765573 0.121116 0.049583 0.064028
0 0.915859 0.184579 0.073177 0.087102
0 0.595208 0.043394 0.024271 0.035506
0 0.550938 0.044356 0.022292 0.038070
0 0.963411 0.491944 0.075260 0.167889
0 0.433188 0.651250 0.260604 0.701204
