0 0.853854 0.876648 0.221979 0.214852
0 0.496135 0.121617 0.072042 0.216765
0 0.628724 0.365352 0.075677 0.131667
0 0.777188 0.436019 0.104896 0.158593
1 0.705000 0.242509 0.073542 0.132130
0 0.597370 0.197801 0.047552 0.081176
0 0.686198 0.041070 0.028333 0.037907
0 0.596432 0.138907 0.040781 0.056667
0 0.568021 0.081697 0.030000 0.045124
0 0.763568 0.119916 0.048906 0.062909
0 0.912292 0.182898 0.073229 0.086944
0 0.595469 0.043714 0.024271 0.036469
0 0.550729 0.044435 0.022396 0.036948
0 0.958490 0.478083 0.085104 0.167722
0 0.432406 0.652139 0.263042 0.699426
