0 0.861224 0.888287 0.218073 0.193241
0 0.496078 0.122404 0.072156 0.217154
0 0.629740 0.369676 0.076042 0.131685
0 0.780625 0.443713 0.108125 0.164352
1 0.706615 0.245481 0.075104 0.135185
0 0.597734 0.200449 0.048490 0.083583
0 0.685443 0.040510 0.028073 0.036787
0 0.596302 0.140829 0.041250 0.058583
0 0.568516 0.082337 0.030469 0.046085
0 0.761536 0.118716 0.048281 0.061791
0 0.908724 0.181218 0.073385 0.086787
0 0.595755 0.044035 0.024323 0.037430
0 0.550469 0.044517 0.022500 0.035826
0 0.953594 0.464231 0.094896 0.167574
0 0.431630 0.653028 0.265490 0.697648
