0 0.494078 0.127738 0.072156 0.227821
0 0.638021 0.412537 0.088438 0.153926
0 0.818203 0.525194 0.131406 0.203611
1 0.723646 0.270880 0.080000 0.148167
0 0.602083 0.218000 0.052500 0.088556
0 0.594583 0.152056 0.044479 0.076222
0 0.568333 0.086023 0.029687 0.048009
0 0.745469 0.095558 0.045000 0.052976
0 0.873750 0.143875 0.061667 0.070120
0 0.596536 0.045076 0.024844 0.040152
0 0.546406 0.041872 0.021875 0.038230
0 0.889740 0.348120 0.115417 0.148796
0 0.462198 0.122959 0.025292 0.065470
0 0.423130 0.660139 0.286490 0.683426
