0 0.493578 0.128231 0.072490 0.229204
0 0.640365 0.427130 0.091354 0.160037
0 0.828307 0.550685 0.140052 0.218704
1 0.727448 0.278093 0.083229 0.152333
0 0.602917 0.222324 0.054896 0.090796
0 0.594401 0.154292 0.043802 0.074935
0 0.568698 0.086023 0.029687 0.046083
0 0.742031 0.091549 0.043229 0.053291
0 0.867266 0.139389 0.060573 0.068204
0 0.596536 0.045878 0.024844 0.041756
0 0.546120 0.042031 0.023490 0.035985
0 0.874687 0.326167 0.108437 0.136926
0 0.461208 0.120880 0.027271 0.065796
0 0.420687 0.662407 0.292938 0.678889
