0 0.493021 0.128034 0.073146 0.229599
0 0.642708 0.441722 0.094271 0.166111
0 0.838411 0.576167 0.148698 0.233741
1 0.731224 0.285306 0.086510 0.156500
0 0.603724 0.226648 0.057240 0.093037
0 0.594219 0.156542 0.043021 0.073657
0 0.569062 0.086022 0.029687 0.044159
0 0.738620 0.087544 0.041406 0.053615
0 0.860781 0.134898 0.059479 0.066278
0 0.596536 0.046679 0.024844 0.043357
0 0.545833 0.042192 0.025104 0.033743
0 0.859635 0.304213 0.101354 0.125093
0 0.460214 0.118794 0.029260 0.066115
0 0.417688 0.665370 0.301146 0.672963
