0 0.492464 0.127836 0.073823 0.229994
0 0.644922 0.456056 0.096719 0.171407
0 0.850443 0.603407 0.157240 0.245926
1 0.735339 0.293398 0.088594 0.162426
0 0.604818 0.231940 0.058802 0.095935
0 0.594479 0.159819 0.044167 0.074769
0 0.569688 0.086743 0.030208 0.043996
0 0.735781 0.083941 0.040208 0.054100
0 0.854375 0.129616 0.058750 0.065954
0 0.596823 0.047000 0.025521 0.043359
0 0.545521 0.042191 0.026458 0.032781
0 0.846536 0.285620 0.095885 0.116759
0 0.460172 0.117270 0.029344 0.064348
0 0.977526 0.343315 0.047031 0.102333
0 0.414688 0.668333 0.309375 0.667037
