0 0.492188 0.127738 0.074146 0.230191
0 0.645964 0.463102 0.097656 0.173648
0 0.857422 0.617907 0.161510 0.250556
1 0.737526 0.297880 0.089010 0.166278
0 0.605469 0.235065 0.059271 0.097685
0 0.594818 0.161991 0.045573 0.076537
0 0.570130 0.087463 0.030781 0.044796
0 0.734661 0.082337 0.039948 0.054419
0 0.851198 0.126565 0.058542 0.066593
0 0.597109 0.046919 0.026302 0.042557
0 0.545365 0.042111 0.026979 0.032941
0 0.840938 0.278009 0.093854 0.114352
0 0.460620 0.116794 0.028448 0.062431
0 0.974766 0.338593 0.052552 0.104741
0 0.413187 0.669815 0.313479 0.664074
