0 0.491630 0.127540 0.074823 0.230586
0 0.648021 0.477213 0.099687 0.178130
0 0.871406 0.646926 0.170000 0.259852
1 0.741953 0.306861 0.089948 0.173981
0 0.606823 0.241306 0.060208 0.101204
0 0.595573 0.166315 0.048438 0.080074
0 0.571042 0.088908 0.031875 0.046406
0 0.732396 0.079131 0.039479 0.055054
0 0.844896 0.120478 0.058229 0.067878
0 0.597630 0.046759 0.027760 0.040952
0 0.544974 0.041951 0.028073 0.033261
0 0.829766 0.262787 0.089948 0.109537
0 0.461521 0.115830 0.026646 0.058581
0 0.969271 0.329139 0.063542 0.109537
0 0.410187 0.672778 0.321708 0.658148
