0 0.491078 0.130602 0.076823 0.231574
0 0.655755 0.523037 0.106510 0.196074
0 0.900807 0.740102 0.173594 0.306167
1 0.754896 0.336269 0.098646 0.187907
0 0.609792 0.258861 0.062708 0.110019
0 0.596016 0.176648 0.050260 0.083111
0 0.573438 0.095396 0.033750 0.049448
0 0.726510 0.074244 0.039167 0.057143
0 0.832240 0.109821 0.054896 0.061950
0 0.599010 0.050686 0.029167 0.040794
0 0.543698 0.044195 0.027292 0.038391
0 0.804089 0.232181 0.079740 0.096083
0 0.462964 0.118235 0.029698 0.059548
0 0.956328 0.305731 0.089427 0.116278
0 0.409854 0.682259 0.327937 0.639185
