0 0.491078 0.131688 0.077260 0.231772
0 0.657656 0.533620 0.108125 0.200574
0 0.910495 0.761500 0.181094 0.318519
1 0.757734 0.343074 0.101302 0.190000
0 0.610365 0.262630 0.063229 0.111778
0 0.595938 0.178644 0.049896 0.082935
0 0.573932 0.097081 0.034010 0.049930
0 0.725260 0.073681 0.039271 0.057619
0 0.830104 0.108300 0.053854 0.059548
0 0.599271 0.052048 0.029167 0.041274
0 0.543359 0.044996 0.026615 0.039993
0 0.799297 0.227046 0.077656 0.093204
0 0.463135 0.119355 0.031333 0.061143
0 0.953854 0.301093 0.094375 0.116926
0 0.410745 0.684435 0.327260 0.634833
