0 0.491073 0.132775 0.077708 0.231969
0 0.659557 0.544194 0.109740 0.205056
0 0.913464 0.782907 0.175156 0.330852
1 0.760573 0.349880 0.103854 0.192093
0 0.610885 0.266389 0.063750 0.113556
0 0.595833 0.180657 0.049583 0.082796
0 0.574427 0.098760 0.034271 0.050406
0 0.724063 0.073123 0.039375 0.058106
0 0.827995 0.106774 0.052865 0.057137
0 0.599531 0.053409 0.029167 0.041756
0 0.543047 0.045798 0.025990 0.041596
0 0.794453 0.221917 0.075573 0.090315
0 0.463323 0.120477 0.032958 0.062750
0 0.951380 0.296444 0.099323 0.117556
0 0.411630 0.686602 0.326594 0.630500
