0 0.491078 0.133861 0.078156 0.232167
0 0.661458 0.554769 0.111354 0.209537
0 0.916458 0.804306 0.169167 0.343241
1 0.763411 0.356694 0.106510 0.194167
0 0.611432 0.270157 0.064323 0.115315
0 0.595729 0.182653 0.049167 0.082620
0 0.574922 0.100444 0.034531 0.050889
0 0.722839 0.072561 0.039427 0.058581
0 0.825885 0.105252 0.051875 0.054737
0 0.599792 0.054772 0.029167 0.042237
0 0.542734 0.046599 0.025365 0.043198
0 0.789635 0.216796 0.073542 0.087444
0 0.463505 0.121600 0.034573 0.064356
0 0.948906 0.291796 0.104271 0.118185
0 0.412521 0.688778 0.325937 0.626148
