0 0.491078 0.134947 0.078594 0.232365
0 0.663698 0.566954 0.114271 0.214019
0 0.920286 0.812806 0.161510 0.327537
1 0.767057 0.363833 0.109323 0.198481
0 0.612474 0.274639 0.064427 0.115648
0 0.596276 0.185375 0.049010 0.083250
0 0.575365 0.101728 0.035104 0.051211
0 0.721667 0.071039 0.038542 0.056181
0 0.823490 0.104131 0.052292 0.054737
0 0.600391 0.056214 0.029635 0.043198
0 0.542969 0.047001 0.025833 0.041435
0 0.786641 0.211907 0.072344 0.086963
0 0.465307 0.122002 0.039260 0.064515
0 0.947422 0.287787 0.107240 0.116574
0 0.413411 0.690954 0.325260 0.621796
