0 0.491073 0.136034 0.079042 0.232561
0 0.665964 0.579130 0.117135 0.218519
0 0.924115 0.821259 0.153854 0.311741
1 0.770729 0.370954 0.112083 0.202796
0 0.613490 0.279139 0.064479 0.115944
0 0.596823 0.188106 0.048854 0.083898
0 0.575807 0.103011 0.035677 0.051533
0 0.720495 0.069518 0.037656 0.053780
0 0.821094 0.103010 0.052813 0.054739
0 0.600964 0.057656 0.030052 0.044157
0 0.543203 0.047399 0.026302 0.039672
0 0.783594 0.207009 0.071146 0.086463
0 0.467104 0.122403 0.043958 0.064676
0 0.939453 0.283778 0.097344 0.115000
0 0.414297 0.687537 0.324594 0.606296
