0 0.491078 0.137120 0.079490 0.232759
0 0.668229 0.591315 0.120000 0.223000
0 0.927943 0.829750 0.146198 0.296056
1 0.774375 0.378093 0.114896 0.207148
0 0.614531 0.283620 0.064583 0.116278
0 0.597370 0.190833 0.048594 0.084556
0 0.576276 0.104290 0.036198 0.051846
0 0.719323 0.067994 0.036771 0.051372
0 0.818698 0.101889 0.053229 0.054741
0 0.601562 0.059099 0.030521 0.045120
0 0.543411 0.047801 0.026719 0.037909
0 0.780573 0.202134 0.070000 0.085991
0 0.468911 0.122798 0.048635 0.064830
0 0.935391 0.279769 0.095156 0.113389
0 0.415188 0.689417 0.323938 0.601352
