0 0.490245 0.144632 0.080490 0.239883
0 0.685937 0.678343 0.140833 0.264352
1 0.800469 0.427370 0.127604 0.230704
0 0.620885 0.309574 0.069167 0.123000
0 0.599922 0.204532 0.052135 0.092713
0 0.578307 0.112464 0.037552 0.051850
0 0.714740 0.062705 0.030208 0.040794
0 0.806562 0.094195 0.050000 0.052813
0 0.605469 0.067031 0.031354 0.046563
0 0.543828 0.051647 0.028073 0.034065
0 0.763802 0.176167 0.061875 0.082148
0 0.477026 0.127370 0.067031 0.061463
0 0.911484 0.252130 0.088385 0.101370
0 0.413297 0.710806 0.328823 0.582093
