0 0.490078 0.145910 0.080594 0.241254
0 0.689583 0.695157 0.144896 0.273648
1 0.805521 0.436667 0.129062 0.234222
0 0.621979 0.313750 0.070625 0.124944
0 0.600234 0.206375 0.053490 0.094806
0 0.578516 0.113908 0.037448 0.051535
0 0.714375 0.062465 0.028958 0.039674
0 0.804870 0.092755 0.048490 0.052176
0 0.606198 0.068233 0.031146 0.046081
0 0.543724 0.052529 0.028073 0.034546
0 0.761250 0.172403 0.060312 0.081343
0 0.477927 0.128491 0.068479 0.060185
0 0.907552 0.246917 0.088333 0.098981
0 0.412745 0.713472 0.329927 0.576759
