0 0.489906 0.147197 0.080708 0.242643
0 0.693229 0.711981 0.148958 0.282963
1 0.810547 0.445963 0.130469 0.237741
0 0.623073 0.317926 0.072083 0.126852
0 0.600573 0.208222 0.054896 0.096889
0 0.578750 0.115349 0.037396 0.051209
0 0.714010 0.062224 0.027708 0.038552
0 0.803203 0.091309 0.046927 0.051530
0 0.606927 0.069435 0.030937 0.045600
0 0.543646 0.053409 0.028125 0.035026
0 0.758672 0.168634 0.058802 0.080546
0 0.478828 0.129611 0.069906 0.058907
0 0.903646 0.241713 0.088229 0.096574
0 0.412188 0.716139 0.331042 0.571426
