0 0.489406 0.151049 0.081042 0.246791
0 0.704557 0.760380 0.159323 0.297056
1 0.825990 0.475769 0.142917 0.256648
0 0.626589 0.332981 0.075156 0.130704
0 0.602135 0.216625 0.057292 0.094787
0 0.581510 0.120639 0.038333 0.052167
0 0.710755 0.059420 0.030052 0.039352
0 0.797839 0.086502 0.046302 0.051848
0 0.608724 0.074161 0.031198 0.046400
0 0.543464 0.055414 0.028281 0.040954
0 0.751250 0.158620 0.055521 0.078130
0 0.481984 0.130574 0.071177 0.057296
0 0.891146 0.230741 0.087604 0.092889
0 0.410521 0.724139 0.334375 0.555426
