0 0.489078 0.152037 0.081490 0.247185
0 0.708385 0.776167 0.162500 0.299444
1 0.831146 0.486009 0.148438 0.264352
0 0.627786 0.338426 0.075990 0.131667
0 0.602760 0.219917 0.057813 0.092722
0 0.582786 0.122560 0.038906 0.052806
0 0.709323 0.058137 0.031875 0.040315
0 0.795990 0.084822 0.046771 0.052337
0 0.609271 0.075924 0.031354 0.047041
0 0.543411 0.055974 0.028385 0.043678
0 0.748802 0.155495 0.054583 0.077343
0 0.483109 0.130495 0.071073 0.057139
0 0.886875 0.227847 0.087292 0.092231
0 0.410469 0.727000 0.333375 0.549704
