0 0.488745 0.153025 0.081927 0.247580
0 0.712214 0.791944 0.165677 0.301852
1 0.836328 0.496278 0.153906 0.272037
0 0.629010 0.343870 0.076771 0.132630
0 0.603411 0.223204 0.058385 0.090630
0 0.584036 0.124486 0.039427 0.053454
0 0.707891 0.056856 0.033698 0.041274
0 0.794167 0.083138 0.047188 0.052817
0 0.609818 0.077687 0.031510 0.047681
0 0.543385 0.056534 0.028438 0.046402
0 0.746380 0.152366 0.053698 0.076528
0 0.484234 0.130417 0.070990 0.056981
0 0.882578 0.224963 0.087031 0.091593
0 0.410406 0.729861 0.332375 0.543981
