0 0.488406 0.154012 0.082375 0.247976
0 0.716042 0.807759 0.168750 0.304296
1 0.841536 0.506537 0.159427 0.279741
0 0.630234 0.349324 0.077552 0.133574
0 0.604036 0.226486 0.058906 0.088546
0 0.585286 0.126407 0.039948 0.054093
0 0.706432 0.055573 0.035469 0.042235
0 0.792318 0.081455 0.047656 0.053294
0 0.610339 0.079450 0.031719 0.048322
0 0.543333 0.057095 0.028542 0.049128
0 0.743932 0.149245 0.052760 0.075731
0 0.485365 0.130333 0.070896 0.056815
0 0.878281 0.222079 0.086771 0.090954
0 0.410354 0.732731 0.331375 0.538241
