0 0.487406 0.156975 0.083708 0.249161
0 0.726276 0.842731 0.175365 0.270093
1 0.859245 0.545324 0.172656 0.305389
0 0.633620 0.368074 0.079115 0.140630
0 0.605651 0.235870 0.062135 0.089037
0 0.586094 0.129292 0.041042 0.055380
0 0.702396 0.052208 0.035312 0.042876
0 0.787917 0.078813 0.046667 0.051856
0 0.611432 0.082656 0.034010 0.053133
0 0.542839 0.058618 0.028802 0.048006
0 0.737266 0.140991 0.049219 0.071722
0 0.489453 0.132977 0.073490 0.062750
0 0.867708 0.212310 0.082188 0.086157
0 0.410187 0.741324 0.328375 0.521056
