0 0.486406 0.159938 0.085042 0.250346
0 0.735885 0.871602 0.180521 0.215315
1 0.878047 0.588102 0.184323 0.332315
0 0.636849 0.388028 0.080156 0.149759
0 0.607161 0.245000 0.066198 0.092889
0 0.585417 0.130736 0.041875 0.056343
0 0.698464 0.049082 0.032344 0.042398
0 0.784141 0.077369 0.044531 0.048967
0 0.612240 0.084819 0.037292 0.059381
0 0.542135 0.060061 0.029062 0.042237
0 0.730911 0.133301 0.045156 0.066917
0 0.493927 0.137065 0.077562 0.071889
0 0.858255 0.201963 0.075677 0.079889
0 0.410021 0.749917 0.325375 0.503870
