0 0.497578 0.159097 0.038906 0.060509
0 0.716354 0.894194 0.145417 0.171056
0 0.583828 0.193718 0.039427 0.070120
0 0.735026 0.359102 0.084323 0.139352
1 0.522990 0.194681 0.045375 0.100898
0 0.565729 0.137463 0.035625 0.063389
0 0.712839 0.126405 0.039948 0.070117
0 0.748255 0.114869 0.044844 0.064354
0 0.575469 0.097078 0.031354 0.053770
0 0.630625 0.123041 0.037812 0.069159
0 0.862109 0.241787 0.078906 0.083574
0 0.566823 0.038907 0.025937 0.037430
0 0.519406 0.036749 0.034375 0.069794
0 0.452604 0.482898 0.169104 0.510500
