0 0.503708 0.169278 0.037479 0.068037
0 0.587865 0.222801 0.046562 0.087917
0 0.898984 0.788926 0.178594 0.324000
1 0.520427 0.202287 0.048000 0.117722
0 0.562708 0.151889 0.040208 0.061463
0 0.682109 0.079450 0.036719 0.057619
0 0.703411 0.056695 0.029635 0.050569
0 0.602266 0.117109 0.042240 0.072041
0 0.675651 0.224319 0.062969 0.107287
0 0.766484 0.133056 0.052969 0.063870
0 0.568073 0.051646 0.025521 0.047844
0 0.517880 0.042345 0.037427 0.080987
0 0.960130 0.299648 0.081823 0.124296
0 0.449479 0.471417 0.173396 0.508278
