0 0.503802 0.170157 0.037292 0.067241
0 0.588437 0.223995 0.046458 0.088380
0 0.908594 0.812481 0.184896 0.336519
1 0.520286 0.202847 0.047552 0.119157
0 0.562760 0.152847 0.040521 0.061472
0 0.682031 0.078330 0.037812 0.058581
0 0.702552 0.055253 0.029167 0.050891
0 0.603568 0.118717 0.042135 0.072048
0 0.677682 0.229296 0.063802 0.110519
0 0.764245 0.130731 0.052969 0.063389
0 0.568151 0.053330 0.025365 0.048967
0 0.517854 0.042544 0.037479 0.081383
0 0.957552 0.293241 0.086979 0.123000
0 0.449604 0.471491 0.173437 0.508426
