0 0.505141 0.174009 0.035656 0.073019
0 0.589792 0.231213 0.049167 0.079722
0 0.935911 0.886963 0.130260 0.197000
1 0.522719 0.205259 0.042687 0.110519
0 0.568151 0.157657 0.038385 0.055704
0 0.676875 0.078331 0.035104 0.052819
0 0.698516 0.054292 0.032969 0.043198
0 0.612760 0.131213 0.048646 0.073963
0 0.692812 0.269194 0.060521 0.115315
0 0.756927 0.122562 0.048125 0.062431
0 0.570599 0.058619 0.025885 0.049930
0 0.517687 0.043729 0.037812 0.083754
0 0.929740 0.261500 0.090833 0.119148
0 0.450354 0.471935 0.173604 0.509315
