0 0.509604 0.183380 0.038083 0.069648
0 0.599115 0.280741 0.058125 0.104741
1 0.526240 0.230731 0.052417 0.117241
0 0.574922 0.180014 0.043802 0.073491
0 0.667266 0.062464 0.032135 0.047043
0 0.638333 0.166796 0.055417 0.087444
0 0.759479 0.517509 0.112188 0.201352
0 0.729349 0.093234 0.042135 0.054735
0 0.575885 0.078569 0.030521 0.056178
0 0.517062 0.047803 0.039062 0.091902
0 0.849010 0.174486 0.062396 0.085509
0 0.553828 0.046119 0.019948 0.037430
0 0.596562 0.043474 0.022708 0.034063
0 0.452979 0.473491 0.174187 0.512426
