0 0.507589 0.182176 0.038365 0.068204
0 0.600885 0.284583 0.063750 0.113389
1 0.527859 0.229773 0.055115 0.117231
0 0.575729 0.183144 0.049167 0.079750
0 0.666068 0.058619 0.032969 0.049930
0 0.642266 0.170157 0.057865 0.092241
0 0.773411 0.574972 0.130885 0.232611
0 0.725833 0.086502 0.046458 0.051848
0 0.575469 0.081212 0.034583 0.060502
0 0.516937 0.048321 0.039313 0.092939
0 0.841302 0.162944 0.057813 0.079741
0 0.554635 0.046599 0.020000 0.039350
0 0.597917 0.043715 0.023229 0.035507
0 0.453354 0.473713 0.174271 0.512870
