0 0.507865 0.181856 0.038021 0.068843
0 0.601615 0.287306 0.064167 0.112426
1 0.528141 0.229931 0.054969 0.117880
0 0.576510 0.183787 0.050000 0.079426
0 0.665573 0.057577 0.032708 0.049128
0 0.643307 0.172565 0.059010 0.093204
0 0.779635 0.604296 0.136979 0.250556
0 0.724688 0.085059 0.045833 0.051530
0 0.576146 0.081534 0.034479 0.059543
0 0.516896 0.048494 0.039396 0.093283
0 0.838958 0.160620 0.058542 0.079574
0 0.555000 0.046840 0.020521 0.039513
0 0.598281 0.043715 0.023750 0.034863
0 0.453479 0.473787 0.174292 0.513019
