0 0.508672 0.180894 0.036927 0.070769
0 0.603750 0.295472 0.065208 0.109537
1 0.528948 0.230412 0.054396 0.119806
0 0.578802 0.185699 0.052396 0.078454
0 0.664062 0.054451 0.031875 0.046724
0 0.646406 0.179773 0.062500 0.096083
0 0.798307 0.692269 0.155365 0.304426
0 0.721302 0.080733 0.043958 0.050570
0 0.578151 0.082495 0.034219 0.056657
0 0.516771 0.049012 0.039646 0.094320
0 0.831927 0.153653 0.060729 0.079102
0 0.556068 0.047560 0.022135 0.039994
0 0.599349 0.043714 0.025365 0.032943
0 0.453854 0.474009 0.174375 0.513463
