0 0.508839 0.180093 0.036906 0.070444
0 0.605469 0.304139 0.064687 0.110833
1 0.530844 0.231218 0.057479 0.122046
0 0.580781 0.186181 0.052396 0.075565
0 0.662448 0.049324 0.030417 0.044800
0 0.652161 0.187944 0.065052 0.098333
0 0.826432 0.794370 0.177031 0.293852
0 0.717708 0.073841 0.039271 0.047041
0 0.580234 0.082496 0.033698 0.055378
0 0.516604 0.049704 0.039979 0.095704
0 0.821901 0.140667 0.056927 0.073648
0 0.556354 0.047080 0.022292 0.042237
0 0.601068 0.044356 0.027344 0.034226
0 0.453911 0.473917 0.173823 0.513648
