0 0.508474 0.179931 0.037635 0.068843
0 0.605755 0.307343 0.063385 0.114019
1 0.532203 0.231690 0.060906 0.122991
0 0.581224 0.185389 0.050781 0.073333
0 0.661797 0.046279 0.029531 0.044480
0 0.655885 0.191310 0.065208 0.098639
0 0.842109 0.837796 0.186406 0.247370
0 0.716354 0.069836 0.035833 0.044161
0 0.580964 0.081854 0.033281 0.056015
0 0.516521 0.050049 0.040146 0.096394
0 0.816589 0.132333 0.051719 0.068519
0 0.555911 0.046119 0.021406 0.044159
0 0.602057 0.044997 0.028281 0.036787
0 0.453938 0.473861 0.173542 0.513759
