0 0.508297 0.179852 0.037990 0.068037
0 0.605885 0.308935 0.062812 0.115648
1 0.532865 0.231940 0.062604 0.123491
0 0.581458 0.184986 0.050000 0.072213
0 0.661510 0.044756 0.029062 0.044320
0 0.657708 0.193000 0.065313 0.098815
0 0.849948 0.859509 0.191042 0.224130
0 0.715677 0.067832 0.034167 0.042717
0 0.581302 0.081534 0.033125 0.056339
0 0.516479 0.050222 0.040229 0.096741
0 0.813932 0.128171 0.049115 0.065954
0 0.555677 0.045637 0.020938 0.045122
0 0.602552 0.045318 0.028750 0.038069
0 0.453953 0.473843 0.173406 0.513796
