0 0.508115 0.179773 0.038354 0.067231
0 0.606016 0.310546 0.062135 0.117241
1 0.533552 0.232181 0.064354 0.123972
0 0.581667 0.184574 0.049167 0.071074
0 0.661198 0.043233 0.028646 0.044159
0 0.659583 0.194681 0.065417 0.098972
0 0.857786 0.881222 0.195781 0.200889
0 0.715000 0.065831 0.032396 0.041276
0 0.581693 0.081216 0.032969 0.056661
0 0.516437 0.050395 0.040313 0.097087
0 0.811276 0.124001 0.046510 0.063387
0 0.555469 0.045157 0.020521 0.046081
0 0.603021 0.045637 0.029167 0.039352
0 0.453964 0.473815 0.173260 0.513852
