0 0.508656 0.179773 0.040500 0.074935
0 0.610078 0.333620 0.067031 0.124907
1 0.536781 0.235542 0.068625 0.128769
0 0.581432 0.190833 0.047552 0.075889
0 0.656875 0.042754 0.029687 0.037430
0 0.670651 0.216310 0.068073 0.117231
0 0.708776 0.060541 0.034010 0.044159
0 0.586536 0.088906 0.036198 0.060504
0 0.516187 0.051432 0.040813 0.099161
0 0.800443 0.111505 0.047552 0.061472
0 0.556510 0.044195 0.023750 0.038391
0 0.603307 0.047080 0.027552 0.042237
0 0.971615 0.481704 0.058854 0.171074
0 0.454047 0.473667 0.172427 0.514148
