0 0.508203 0.181537 0.040677 0.073333
0 0.611172 0.344037 0.070990 0.128444
1 0.538141 0.239065 0.070281 0.131981
0 0.581589 0.195315 0.050469 0.082296
0 0.655313 0.042272 0.029896 0.039670
0 0.673646 0.225287 0.070104 0.117241
0 0.706875 0.059901 0.034583 0.046724
0 0.587448 0.092113 0.038021 0.061793
0 0.516104 0.051778 0.040979 0.099852
0 0.795391 0.110061 0.048281 0.063711
0 0.556068 0.046439 0.024323 0.039670
0 0.603776 0.050285 0.028802 0.042878
0 0.961979 0.456380 0.078125 0.174944
0 0.454078 0.473620 0.172156 0.514241
