0 0.507323 0.185056 0.041083 0.070111
0 0.613307 0.364870 0.078906 0.135519
1 0.540849 0.246120 0.073510 0.138389
0 0.581953 0.204292 0.056198 0.095120
0 0.652266 0.041310 0.030260 0.044161
0 0.679583 0.243231 0.074062 0.117241
0 0.703099 0.058619 0.035677 0.051852
0 0.589245 0.098520 0.041615 0.064348
0 0.515938 0.052469 0.041312 0.101235
0 0.785312 0.107178 0.049688 0.068200
0 0.555182 0.050926 0.025365 0.042237
0 0.604661 0.056694 0.031302 0.044159
0 0.942682 0.405731 0.116719 0.182611
0 0.454130 0.473519 0.171594 0.514444
