0 0.510245 0.190676 0.042427 0.076537
0 0.619401 0.390917 0.074844 0.142722
1 0.550312 0.255741 0.080729 0.135185
0 0.585313 0.209903 0.048542 0.093528
0 0.651823 0.043315 0.028438 0.046563
0 0.693776 0.263269 0.077240 0.123648
0 0.701302 0.057016 0.032083 0.042239
0 0.595781 0.109340 0.041146 0.065154
0 0.515729 0.053333 0.041729 0.102963
0 0.778333 0.100365 0.042917 0.056178
0 0.559010 0.058138 0.022188 0.042235
0 0.607370 0.064708 0.031302 0.045761
0 0.918151 0.364472 0.117240 0.156167
0 0.454203 0.473398 0.170906 0.514685
