0 0.510833 0.191796 0.042708 0.077815
0 0.620625 0.396111 0.074062 0.144148
1 0.552203 0.257657 0.082156 0.134537
0 0.586016 0.211028 0.047031 0.093204
0 0.651719 0.043714 0.028125 0.047043
0 0.696615 0.267278 0.077813 0.124926
0 0.700937 0.056695 0.031354 0.040313
0 0.597083 0.111502 0.041042 0.065311
0 0.515687 0.053506 0.041813 0.103309
0 0.776953 0.099003 0.041615 0.053772
0 0.559766 0.059580 0.021615 0.042237
0 0.607917 0.066311 0.031354 0.046081
0 0.913776 0.356222 0.118385 0.150889
0 0.454214 0.473370 0.170760 0.514741
