0 0.510547 0.193949 0.042135 0.074435
0 0.623594 0.413667 0.077292 0.151370
1 0.555583 0.261509 0.080812 0.131648
0 0.587474 0.214634 0.048906 0.088880
0 0.650365 0.039869 0.026458 0.039352
0 0.701198 0.283139 0.080000 0.133574
0 0.699323 0.054532 0.032917 0.040794
0 0.600339 0.116309 0.042135 0.068196
0 0.515563 0.054025 0.042063 0.104346
0 0.772344 0.093716 0.043750 0.058587
0 0.560052 0.061743 0.024271 0.041756
0 0.610078 0.067994 0.030781 0.042717
0 0.891068 0.330972 0.108698 0.138870
0 0.454255 0.473296 0.170344 0.514889
