0 0.510469 0.194681 0.041979 0.073343
0 0.624609 0.419519 0.078385 0.153778
1 0.556703 0.262778 0.080344 0.130704
0 0.587995 0.215833 0.049531 0.087444
0 0.649922 0.038586 0.025885 0.036787
0 0.702760 0.288435 0.080729 0.136463
0 0.698776 0.053810 0.033490 0.040954
0 0.601406 0.117912 0.042500 0.069157
0 0.515521 0.054197 0.042146 0.104691
0 0.770807 0.091953 0.044531 0.060187
0 0.560156 0.062465 0.025208 0.041596
0 0.610781 0.068554 0.030625 0.041596
0 0.883490 0.322565 0.105417 0.134870
0 0.454271 0.473269 0.170208 0.514944
