0 0.510286 0.196120 0.041615 0.071093
0 0.626563 0.431222 0.080521 0.158593
1 0.558964 0.265352 0.079469 0.128778
0 0.588984 0.218241 0.050781 0.084556
0 0.649036 0.036022 0.024844 0.031659
0 0.705807 0.299009 0.082135 0.142241
0 0.697708 0.052368 0.034583 0.041276
0 0.603594 0.121118 0.043229 0.071080
0 0.515188 0.054692 0.042375 0.105680
0 0.767760 0.088425 0.045937 0.063391
0 0.560313 0.063907 0.026979 0.041274
0 0.612240 0.069676 0.030208 0.039352
0 0.868333 0.305741 0.098958 0.126852
0 0.577630 0.047560 0.027031 0.043198
0 0.454297 0.473222 0.169927 0.515037
