0 0.510729 0.198042 0.041771 0.072361
0 0.628281 0.445796 0.081771 0.162111
1 0.561849 0.270481 0.079427 0.130074
0 0.589714 0.222398 0.050469 0.086463
0 0.647682 0.036983 0.025365 0.033581
0 0.712943 0.316148 0.083802 0.145741
0 0.696172 0.051087 0.033281 0.039352
0 0.605104 0.124804 0.043750 0.070763
0 0.514854 0.055185 0.042604 0.106667
0 0.763958 0.086822 0.043750 0.059541
0 0.561302 0.066471 0.026458 0.042557
0 0.612865 0.074003 0.030104 0.040313
0 0.856719 0.294361 0.094792 0.120759
0 0.578802 0.049804 0.025729 0.043196
0 0.454328 0.473176 0.169656 0.515130
