0 0.510979 0.199009 0.041896 0.073019
0 0.629141 0.453102 0.082448 0.163870
1 0.563281 0.273046 0.079479 0.130685
0 0.590078 0.224477 0.050260 0.087417
0 0.646979 0.037465 0.025625 0.034544
0 0.716484 0.324731 0.084635 0.147537
0 0.695391 0.050445 0.032656 0.038391
0 0.605885 0.126645 0.044062 0.070598
0 0.514688 0.055432 0.042708 0.107161
0 0.762057 0.086022 0.042656 0.057622
0 0.561797 0.067753 0.026198 0.043198
0 0.613177 0.076168 0.030000 0.040794
0 0.850885 0.288667 0.092708 0.117704
0 0.579375 0.050925 0.025104 0.043198
0 0.454339 0.473148 0.169510 0.515185
