0 0.511198 0.199958 0.041979 0.073639
0 0.629974 0.460370 0.083073 0.165630
1 0.564740 0.275602 0.079479 0.131352
0 0.590417 0.226565 0.050104 0.088389
0 0.646302 0.037945 0.025937 0.035506
0 0.720052 0.333306 0.085417 0.149278
0 0.694635 0.049804 0.032083 0.037430
0 0.606641 0.128491 0.044323 0.070444
0 0.514521 0.055679 0.042813 0.107654
0 0.760182 0.085223 0.041615 0.055702
0 0.562292 0.069034 0.025937 0.043839
0 0.613490 0.078328 0.029896 0.041270
0 0.845078 0.282981 0.090677 0.114667
0 0.579948 0.052047 0.024479 0.043198
0 0.454354 0.473120 0.169375 0.515241
