0 0.511417 0.200926 0.042063 0.074296
0 0.630859 0.467676 0.083698 0.167389
1 0.566172 0.278176 0.079427 0.131981
0 0.590781 0.228653 0.049896 0.089361
0 0.645651 0.038426 0.026198 0.036467
0 0.723620 0.341870 0.086198 0.151074
0 0.693880 0.049163 0.031406 0.036467
0 0.607396 0.130333 0.044583 0.070278
0 0.514354 0.055926 0.042937 0.108148
0 0.758281 0.084419 0.040521 0.053774
0 0.562786 0.070318 0.025677 0.044480
0 0.613802 0.080494 0.029792 0.041754
0 0.839271 0.277296 0.088542 0.111630
0 0.580573 0.053169 0.023854 0.043198
0 0.454370 0.473102 0.169240 0.515278
