0 0.514172 0.206213 0.041448 0.072685
0 0.645859 0.549157 0.107552 0.207315
1 0.576354 0.298361 0.091875 0.145426
0 0.592760 0.236667 0.055833 0.090630
0 0.762318 0.419833 0.120573 0.198667
0 0.688776 0.044997 0.028594 0.037428
0 0.621068 0.145477 0.046823 0.075565
0 0.512854 0.058148 0.043937 0.112593
0 0.747448 0.072722 0.036771 0.053778
0 0.563490 0.071118 0.025729 0.037109
0 0.621328 0.091790 0.034740 0.046402
0 0.800104 0.225769 0.072396 0.097685
0 0.587995 0.057818 0.027865 0.045761
0 0.453906 0.472722 0.169375 0.514444
