0 0.591693 0.323528 0.081094 0.116278
1 0.736927 0.873500 0.191979 0.223926
0 0.644141 0.591796 0.115677 0.237444
0 0.961068 0.886509 0.079948 0.184574
0 0.503297 0.090345 0.059260 0.176987
0 0.591432 0.183620 0.044844 0.067241
0 0.749349 0.371602 0.097865 0.145130
0 0.656589 0.176894 0.050781 0.067250
1 0.639271 0.116793 0.043229 0.085507
0 0.570859 0.094196 0.029740 0.055700
0 0.754479 0.111024 0.046458 0.062433
0 0.588151 0.062945 0.027552 0.043198
0 0.553542 0.037465 0.023229 0.030696
0 0.971068 0.351889 0.059948 0.119148
0 0.449630 0.487241 0.184156 0.532815
