0 0.602500 0.349491 0.090833 0.133574
1 0.749089 0.934102 0.171927 0.100870
0 0.656589 0.660056 0.125469 0.266259
0 0.502995 0.092519 0.060094 0.181333
0 0.595729 0.199009 0.051354 0.092241
0 0.772057 0.426407 0.114115 0.173963
0 0.663906 0.192755 0.056771 0.070120
1 0.643073 0.126409 0.046458 0.081663
0 0.575182 0.101408 0.034010 0.054739
0 0.746094 0.102369 0.043750 0.060504
0 0.589792 0.072081 0.032917 0.048006
0 0.555182 0.039868 0.022135 0.037428
0 0.953490 0.316306 0.095104 0.128759
0 0.448302 0.497519 0.185042 0.546259
