0 0.831823 0.841796 0.233646 0.279741
0 0.496302 0.119247 0.071708 0.215580
0 0.625755 0.352361 0.074635 0.131648
0 0.766927 0.412944 0.095104 0.141259
1 0.700130 0.233620 0.068698 0.123019
0 0.596276 0.189870 0.044844 0.073963
0 0.688490 0.042754 0.029167 0.041274
0 0.596823 0.133139 0.039479 0.050889
0 0.566536 0.079771 0.028594 0.042235
0 0.769635 0.123520 0.050833 0.066274
0 0.922969 0.187949 0.073021 0.087435
0 0.594661 0.042753 0.024323 0.033583
0 0.551380 0.044195 0.022135 0.040313
0 0.973229 0.519676 0.055625 0.168204
0 0.434740 0.649472 0.255708 0.704759
