0 0.839193 0.853426 0.229740 0.258148
0 0.496245 0.120034 0.071823 0.215969
0 0.626745 0.356694 0.074948 0.131648
0 0.770339 0.420639 0.098385 0.147056
1 0.701745 0.236583 0.070260 0.126056
0 0.596641 0.192514 0.045781 0.076380
0 0.687734 0.042193 0.028906 0.040152
0 0.596667 0.135060 0.039896 0.052806
0 0.567031 0.080411 0.029062 0.043196
0 0.767604 0.122321 0.050208 0.065154
0 0.919401 0.186269 0.073073 0.087278
0 0.594922 0.043073 0.024323 0.034546
0 0.551172 0.044275 0.022240 0.039191
0 0.968333 0.505815 0.065417 0.168037
0 0.433964 0.650361 0.258156 0.702981
