0 0.868568 0.899880 0.214219 0.171537
0 0.495854 0.122997 0.072146 0.218339
0 0.630703 0.374000 0.076406 0.131667
0 0.784062 0.451398 0.111354 0.170130
1 0.708229 0.248440 0.076771 0.138231
0 0.598073 0.203083 0.049375 0.085981
0 0.684688 0.039949 0.027813 0.035665
0 0.596146 0.142755 0.041667 0.060509
0 0.569036 0.082978 0.030885 0.047044
0 0.759505 0.117511 0.047656 0.060663
0 0.905156 0.179528 0.073438 0.086611
0 0.596016 0.044356 0.024323 0.038393
0 0.550260 0.044595 0.022604 0.034706
0 0.948672 0.450361 0.104740 0.167389
0 0.430688 0.653815 0.267813 0.696074
