0 0.875911 0.911509 0.210365 0.149944
0 0.495630 0.123590 0.072156 0.219525
0 0.631719 0.378333 0.076771 0.131667
0 0.787474 0.459102 0.114635 0.175870
1 0.709870 0.251412 0.078385 0.141287
0 0.598464 0.205731 0.050260 0.088389
0 0.683906 0.039388 0.027500 0.034543
0 0.596016 0.144676 0.042135 0.062426
0 0.569505 0.083619 0.031302 0.048004
0 0.757474 0.116311 0.047031 0.059544
0 0.901615 0.177852 0.073542 0.086481
0 0.596276 0.044676 0.024323 0.039352
0 0.550026 0.044676 0.022656 0.033585
0 0.943750 0.436509 0.114583 0.167241
0 0.429745 0.654602 0.270156 0.694500
