0 0.493854 0.128330 0.072146 0.229006
0 0.639193 0.419833 0.089948 0.157000
0 0.823281 0.537944 0.135729 0.211148
1 0.725547 0.274491 0.081615 0.150241
0 0.602500 0.220162 0.053646 0.089676
0 0.594479 0.153167 0.044167 0.075556
0 0.568516 0.086023 0.029740 0.047046
0 0.743776 0.093554 0.044115 0.053133
0 0.870495 0.141634 0.061094 0.069157
0 0.596536 0.045477 0.024844 0.040954
0 0.546250 0.041951 0.022708 0.037109
0 0.882214 0.337139 0.111927 0.142870
0 0.461703 0.121921 0.026281 0.065639
0 0.422187 0.660926 0.288812 0.681852
