0 0.493297 0.128133 0.072823 0.229401
0 0.641536 0.434426 0.092760 0.163074
0 0.833385 0.563426 0.144375 0.226185
1 0.729323 0.281704 0.084896 0.154407
0 0.603333 0.224486 0.056042 0.091917
0 0.594297 0.155412 0.043385 0.074287
0 0.568880 0.086022 0.029740 0.045122
0 0.740339 0.089549 0.042344 0.053457
0 0.864010 0.137144 0.060000 0.067231
0 0.596536 0.046279 0.024844 0.042557
0 0.545990 0.042112 0.024271 0.034865
0 0.867188 0.315176 0.104896 0.131019
0 0.460708 0.119837 0.028271 0.065956
0 0.419187 0.663889 0.297042 0.675926
