0 0.492745 0.127935 0.073490 0.229796
0 0.643880 0.449000 0.095677 0.169148
0 0.843438 0.588907 0.153021 0.241259
1 0.733125 0.288898 0.088125 0.158574
0 0.604141 0.228810 0.058385 0.094157
0 0.594115 0.157662 0.042708 0.073009
0 0.569245 0.086021 0.029740 0.043198
0 0.736927 0.085540 0.040521 0.053772
0 0.857526 0.132657 0.058906 0.065315
0 0.596536 0.047080 0.024844 0.044159
0 0.545729 0.042271 0.025937 0.032620
0 0.852109 0.293241 0.097865 0.119148
0 0.459719 0.117753 0.030250 0.066272
0 0.980260 0.348046 0.041562 0.099944
0 0.416187 0.666852 0.305271 0.670000
