0 0.491911 0.127639 0.074490 0.230389
0 0.646979 0.470167 0.098646 0.175889
0 0.864427 0.632426 0.165729 0.255222
1 0.739740 0.302370 0.089479 0.170111
0 0.606172 0.238185 0.059740 0.099444
0 0.595208 0.164148 0.046979 0.078296
0 0.570599 0.088187 0.031302 0.045607
0 0.733542 0.080733 0.039688 0.054737
0 0.848047 0.123521 0.058385 0.067235
0 0.597370 0.046840 0.027031 0.041757
0 0.545182 0.042031 0.027552 0.033102
0 0.835339 0.270398 0.091927 0.111944
0 0.461068 0.116311 0.027552 0.060507
0 0.972031 0.333852 0.058021 0.107148
0 0.411688 0.671296 0.317604 0.661111
