0 0.491354 0.127441 0.075146 0.230784
0 0.649062 0.484259 0.100625 0.180370
0 0.878411 0.661417 0.174219 0.264500
1 0.744167 0.311333 0.090417 0.177815
0 0.607500 0.244435 0.060625 0.102981
0 0.595938 0.168477 0.049896 0.081824
0 0.571510 0.089629 0.032396 0.047206
0 0.731276 0.077526 0.039219 0.055374
0 0.841745 0.117433 0.057969 0.068522
0 0.597917 0.046680 0.028438 0.040152
0 0.544818 0.041870 0.028594 0.033422
0 0.824167 0.255167 0.087917 0.107148
0 0.461969 0.115347 0.025750 0.056657
0 0.966510 0.324407 0.069062 0.111963
0 0.408687 0.674259 0.325812 0.655185
