0 0.491078 0.128429 0.075927 0.231179
0 0.652005 0.501889 0.103281 0.187111
0 0.890495 0.697324 0.176823 0.281500
1 0.749219 0.322639 0.093438 0.183759
0 0.608724 0.251324 0.061615 0.106500
0 0.596198 0.172639 0.050937 0.083426
0 0.572448 0.092033 0.033229 0.048489
0 0.728932 0.075365 0.039010 0.056178
0 0.836484 0.112864 0.056823 0.066754
0 0.598437 0.047961 0.029167 0.039833
0 0.544323 0.042593 0.028542 0.035185
0 0.813750 0.242435 0.083854 0.101833
0 0.462599 0.115989 0.026469 0.056337
0 0.961302 0.315028 0.079479 0.114981
0 0.408078 0.677917 0.329260 0.647870
