0 0.491073 0.129515 0.076375 0.231376
0 0.653906 0.512463 0.104896 0.191593
0 0.895651 0.718713 0.175156 0.293833
1 0.752057 0.329444 0.096094 0.185815
0 0.609271 0.255093 0.062187 0.108259
0 0.596094 0.174644 0.050625 0.083269
0 0.572943 0.093713 0.033490 0.048963
0 0.727708 0.074802 0.039062 0.056656
0 0.834349 0.111343 0.055885 0.064352
0 0.598698 0.049323 0.029167 0.040313
0 0.544010 0.043394 0.027917 0.036787
0 0.808932 0.237315 0.081823 0.098963
0 0.462781 0.117112 0.028083 0.057943
0 0.958802 0.310370 0.084479 0.115630
0 0.408964 0.680083 0.328594 0.643537
