0 0.491078 0.138206 0.079927 0.232957
0 0.670469 0.603491 0.122917 0.227500
0 0.931771 0.838250 0.138542 0.280352
1 0.778021 0.385231 0.117708 0.211463
0 0.615573 0.288111 0.064687 0.116593
0 0.597917 0.193556 0.048438 0.085185
0 0.576719 0.105572 0.036771 0.052170
0 0.718177 0.066470 0.035833 0.048967
0 0.816328 0.100764 0.053698 0.054731
0 0.602135 0.060542 0.030937 0.046083
0 0.543646 0.048201 0.027187 0.036146
0 0.777552 0.197245 0.068854 0.085509
0 0.470714 0.123200 0.053323 0.064989
0 0.931354 0.275769 0.093021 0.111796
0 0.416078 0.691296 0.323260 0.596407
