0 0.490906 0.139494 0.080042 0.234346
0 0.672734 0.615667 0.125781 0.232000
0 0.935599 0.846750 0.130885 0.264648
1 0.781667 0.392343 0.120521 0.215796
0 0.616615 0.292602 0.064792 0.116907
0 0.598464 0.196273 0.048281 0.085824
0 0.577188 0.106856 0.037292 0.052493
0 0.717005 0.064948 0.034948 0.046563
0 0.813932 0.099643 0.054115 0.054733
0 0.602734 0.061983 0.031406 0.047044
0 0.543880 0.048603 0.027656 0.034383
0 0.774557 0.192356 0.067656 0.085028
0 0.472516 0.123601 0.058010 0.065150
0 0.927292 0.271759 0.090833 0.110185
0 0.415521 0.694167 0.324375 0.591481
