0 0.490745 0.140781 0.080156 0.235735
0 0.674974 0.627843 0.128698 0.236463
0 0.939427 0.855250 0.123229 0.248944
1 0.785339 0.399481 0.123281 0.220111
0 0.617656 0.297074 0.064896 0.117222
0 0.598984 0.199005 0.048073 0.086472
0 0.577604 0.108139 0.037812 0.052815
0 0.715807 0.063426 0.034010 0.044159
0 0.811563 0.098521 0.054583 0.054735
0 0.603333 0.063426 0.031875 0.048007
0 0.544089 0.049003 0.028073 0.032620
0 0.771536 0.187468 0.066510 0.084546
0 0.474318 0.124002 0.062698 0.065311
0 0.923229 0.267759 0.088646 0.108593
0 0.414964 0.697028 0.325490 0.586537
