0 0.490578 0.142058 0.080260 0.237106
0 0.678620 0.644676 0.132760 0.245759
1 0.790365 0.408778 0.124688 0.223667
0 0.618724 0.301250 0.066302 0.119167
0 0.599297 0.200852 0.049427 0.088556
0 0.577865 0.109579 0.037708 0.052491
0 0.715443 0.063185 0.032760 0.043037
0 0.809870 0.097081 0.053073 0.054096
0 0.604036 0.064628 0.031719 0.047526
0 0.543984 0.049884 0.028073 0.033102
0 0.768958 0.183699 0.065000 0.083750
0 0.475224 0.125125 0.064135 0.064028
0 0.919323 0.262546 0.088542 0.106167
0 0.414411 0.699889 0.326594 0.581593
