0 0.490406 0.143345 0.080375 0.238494
0 0.682292 0.661500 0.136771 0.255037
1 0.795417 0.418083 0.126146 0.227167
0 0.619818 0.305417 0.067760 0.121093
0 0.599609 0.202694 0.050781 0.090648
0 0.578073 0.111023 0.037604 0.052176
0 0.715078 0.062944 0.031510 0.041915
0 0.808203 0.095636 0.051510 0.053450
0 0.604766 0.065830 0.031510 0.047044
0 0.543906 0.050766 0.028125 0.033583
0 0.766380 0.179935 0.063385 0.082944
0 0.476125 0.126245 0.065583 0.062750
0 0.915391 0.257333 0.088490 0.103778
0 0.413854 0.708139 0.327708 0.587426
