0 0.489745 0.148484 0.080823 0.244031
0 0.696875 0.728806 0.153021 0.292241
1 0.815599 0.455250 0.131927 0.241278
0 0.624141 0.322083 0.073490 0.128759
0 0.600885 0.210065 0.056250 0.098981
0 0.578958 0.116794 0.037292 0.050894
0 0.713646 0.061984 0.026458 0.037428
0 0.801536 0.089869 0.045365 0.050893
0 0.607630 0.070638 0.030781 0.045120
0 0.543568 0.054292 0.028073 0.035506
0 0.756094 0.164870 0.057292 0.079741
0 0.479729 0.130736 0.071354 0.057620
0 0.899687 0.236500 0.088125 0.094148
0 0.411630 0.718806 0.332156 0.566093
