0 0.489578 0.149762 0.080927 0.245402
0 0.700703 0.744593 0.156198 0.294630
1 0.820781 0.465519 0.137396 0.248963
0 0.625339 0.327537 0.074323 0.129741
0 0.601510 0.213352 0.056771 0.096889
0 0.580260 0.118713 0.037812 0.051537
0 0.712214 0.060701 0.028281 0.038391
0 0.799687 0.088185 0.045833 0.051370
0 0.608177 0.072399 0.030937 0.045757
0 0.543516 0.054853 0.028177 0.038231
0 0.753672 0.161750 0.056406 0.078944
0 0.480854 0.130653 0.071250 0.057454
0 0.895443 0.233630 0.087865 0.093519
0 0.411078 0.721472 0.333260 0.560759
