0 0.488078 0.155000 0.082823 0.248370
0 0.719870 0.823519 0.171927 0.306667
1 0.846693 0.516796 0.164948 0.287444
0 0.631432 0.354778 0.078385 0.134556
0 0.604661 0.229778 0.059427 0.086481
0 0.586562 0.128329 0.040521 0.054731
0 0.705000 0.054292 0.037292 0.043198
0 0.790443 0.079771 0.048073 0.053772
0 0.610885 0.081212 0.031875 0.048965
0 0.543281 0.057656 0.028646 0.051854
0 0.741510 0.146120 0.051875 0.074926
0 0.486479 0.130255 0.070792 0.056657
0 0.874036 0.219194 0.086510 0.090315
0 0.410302 0.735593 0.330375 0.532519
