0 0.487745 0.155988 0.083260 0.248765
0 0.723073 0.833130 0.173646 0.288370
1 0.852995 0.531056 0.168802 0.296407
0 0.632500 0.361426 0.078750 0.137593
0 0.605156 0.232815 0.060833 0.087741
0 0.586328 0.128810 0.040781 0.055065
0 0.703698 0.053249 0.036250 0.043039
0 0.789193 0.079290 0.047344 0.052809
0 0.611172 0.081937 0.032969 0.051052
0 0.543047 0.058137 0.028698 0.049930
0 0.739375 0.143551 0.050521 0.073324
0 0.487979 0.131611 0.072167 0.059704
0 0.870859 0.215745 0.084323 0.088213
0 0.410240 0.738454 0.329375 0.526796
