0 0.487078 0.157963 0.084156 0.249556
0 0.729479 0.852389 0.177083 0.251889
1 0.865521 0.559583 0.176563 0.314352
0 0.634687 0.374731 0.079479 0.143685
0 0.606146 0.238917 0.063542 0.090315
0 0.585885 0.129773 0.041354 0.055694
0 0.701068 0.051166 0.034323 0.042717
0 0.786667 0.078331 0.045937 0.050893
0 0.611719 0.083381 0.035104 0.055220
0 0.542604 0.059099 0.028854 0.046083
0 0.735156 0.138426 0.047813 0.070130
0 0.490953 0.134343 0.074865 0.065796
0 0.864557 0.208856 0.080052 0.084065
0 0.410135 0.744185 0.327375 0.515333
