0 0.486745 0.158951 0.084594 0.249950
0 0.732682 0.861991 0.178802 0.233611
1 0.871771 0.573843 0.180417 0.323352
0 0.635755 0.381370 0.079844 0.146741
0 0.606641 0.241954 0.064844 0.091574
0 0.585651 0.130250 0.041615 0.056019
0 0.699766 0.050124 0.033281 0.042556
0 0.785417 0.077850 0.045208 0.049930
0 0.611953 0.084099 0.036198 0.057302
0 0.542370 0.059580 0.029010 0.044159
0 0.733021 0.135861 0.046458 0.068519
0 0.492448 0.135699 0.076250 0.068843
0 0.861406 0.205417 0.077813 0.081981
0 0.410073 0.747046 0.326375 0.509611
