0 0.486078 0.160926 0.085490 0.250741
0 0.739089 0.881204 0.182240 0.197037
1 0.884297 0.602370 0.188177 0.341296
0 0.637943 0.394676 0.080573 0.152796
0 0.607630 0.248046 0.067552 0.094167
0 0.585182 0.131218 0.042135 0.056657
0 0.697161 0.048042 0.031302 0.042235
0 0.782891 0.076887 0.043802 0.048004
0 0.612500 0.085543 0.038333 0.061470
0 0.541927 0.060542 0.029167 0.040313
0 0.728802 0.130731 0.043750 0.065315
0 0.495422 0.138426 0.078948 0.074926
0 0.855078 0.198519 0.073490 0.077815
0 0.409969 0.752778 0.324375 0.498148
