0 0.658646 0.179917 0.045417 0.066574
0 0.647865 0.138458 0.029479 0.052417
1 0.702474 0.242333 0.062760 0.112741
0 0.852448 0.533028 0.113229 0.183315
0 0.334828 0.564074 0.112927 0.214630
0 0.253151 0.435491 0.086031 0.125241
0 0.346724 0.434102 0.082906 0.116907
0 0.429568 0.254944 0.051323 0.081556
0 0.398766 0.207120 0.045865 0.066315
0 0.464068 0.176972 0.038469 0.061463
0 0.515536 0.225491 0.048615 0.072537
0 0.422943 0.145782 0.033406 0.050361
0 0.483760 0.118755 0.029500 0.043435
0 0.527432 0.120486 0.029510 0.048287
