0 0.656536 0.177648 0.042865 0.059000
0 0.647422 0.139972 0.028594 0.046352
1 0.699167 0.238972 0.061875 0.112759
0 0.838724 0.509491 0.108490 0.173241
0 0.327521 0.591611 0.115854 0.228148
0 0.247891 0.446407 0.087198 0.132481
0 0.342333 0.449185 0.084667 0.117926
0 0.427521 0.263269 0.053083 0.085722
0 0.397010 0.215444 0.048208 0.072556
0 0.462901 0.183731 0.038469 0.060426
0 0.514370 0.237963 0.049802 0.078778
0 0.421479 0.150977 0.032813 0.054528
0 0.483172 0.123949 0.028323 0.043435
0 0.526531 0.126722 0.030062 0.046204
