0 0.655807 0.176884 0.042031 0.056454
0 0.647292 0.140477 0.028333 0.044324
1 0.698073 0.237847 0.061562 0.112750
0 0.834167 0.501657 0.106875 0.169870
0 0.325083 0.600806 0.116833 0.232648
0 0.246135 0.450046 0.087583 0.134907
0 0.340875 0.454213 0.085250 0.118278
0 0.426833 0.266037 0.053667 0.087111
0 0.396432 0.218208 0.048990 0.074620
0 0.462516 0.185981 0.038469 0.060074
0 0.513974 0.242120 0.050177 0.080870
0 0.420990 0.152713 0.032625 0.055907
0 0.482979 0.125681 0.027938 0.043435
0 0.526260 0.128801 0.030292 0.045509
