0 0.654661 0.171833 0.039740 0.054444
0 0.644427 0.138454 0.029479 0.048370
1 0.694297 0.230014 0.056510 0.106046
0 0.818411 0.469176 0.100573 0.149722
0 0.313000 0.636139 0.133208 0.247907
0 0.238729 0.461139 0.089938 0.134907
0 0.326062 0.476389 0.097729 0.129370
0 0.422547 0.274343 0.056010 0.087093
0 0.392531 0.224454 0.049000 0.070463
0 0.461344 0.188065 0.040813 0.058685
0 0.512807 0.258065 0.054073 0.087796
0 0.419823 0.156875 0.033396 0.053139
0 0.482589 0.128454 0.030281 0.043444
0 0.525089 0.132269 0.031073 0.046907
