0 0.654375 0.170569 0.039167 0.053935
0 0.643724 0.137949 0.029740 0.049380
1 0.693333 0.228046 0.055208 0.104352
0 0.814479 0.461056 0.099062 0.144667
0 0.309979 0.644972 0.137292 0.251722
0 0.236880 0.463907 0.090510 0.134926
0 0.322359 0.481935 0.100844 0.132167
0 0.421479 0.276435 0.056604 0.087093
0 0.391557 0.226009 0.048990 0.069426
0 0.461052 0.188574 0.041396 0.058333
0 0.512521 0.262046 0.055063 0.089537
0 0.419526 0.157912 0.033594 0.052454
0 0.482495 0.129148 0.030865 0.043444
0 0.524792 0.133134 0.031250 0.047250
