0 0.652396 0.167782 0.038542 0.054435
0 0.643568 0.135931 0.028906 0.047361
1 0.691146 0.221611 0.053958 0.100444
0 0.804557 0.440611 0.093073 0.141889
0 0.299156 0.674611 0.143729 0.263815
0 0.230542 0.475000 0.093833 0.136333
0 0.314750 0.502370 0.103188 0.142556
0 0.418453 0.283370 0.056406 0.088481
0 0.388630 0.231731 0.049781 0.071167
0 0.459005 0.191880 0.042365 0.059389
0 0.510859 0.274694 0.056406 0.094722
0 0.418068 0.160338 0.033781 0.051750
0 0.481615 0.130880 0.030667 0.044130
0 0.524490 0.136079 0.031438 0.046213
1 0.450036 0.104541 0.032240 0.064919
