0 0.651536 0.167028 0.038594 0.054944
0 0.643854 0.135171 0.028333 0.045843
1 0.690521 0.219366 0.053958 0.099306
0 0.801562 0.434444 0.090833 0.143000
0 0.295260 0.685009 0.144896 0.267981
0 0.228297 0.479167 0.095198 0.137000
0 0.312797 0.509824 0.102802 0.146352
0 0.417479 0.285796 0.056021 0.089185
0 0.387656 0.233806 0.050167 0.072537
0 0.458125 0.193259 0.042562 0.060074
0 0.510182 0.279028 0.056615 0.096463
0 0.417479 0.161028 0.033792 0.051759
0 0.481224 0.131398 0.030281 0.044481
0 0.524490 0.137120 0.031438 0.045519
1 0.449937 0.105410 0.032042 0.065272
