0 0.650703 0.166269 0.038594 0.055463
0 0.644141 0.134412 0.027760 0.044324
1 0.689870 0.217125 0.054010 0.098194
0 0.798568 0.428296 0.088594 0.144111
0 0.291359 0.695407 0.146073 0.272148
0 0.226057 0.483324 0.096573 0.137685
0 0.310849 0.517287 0.102406 0.150167
0 0.416505 0.288213 0.055635 0.089870
0 0.386677 0.235889 0.050562 0.073926
0 0.457250 0.194648 0.042750 0.060778
0 0.509479 0.283370 0.056771 0.098185
0 0.416896 0.161727 0.033792 0.051769
0 0.480828 0.131921 0.029885 0.044824
0 0.524490 0.138162 0.031438 0.044824
1 0.449839 0.106275 0.031844 0.065617
