0 0.649818 0.165505 0.038594 0.055954
0 0.644427 0.133653 0.027187 0.042806
1 0.689245 0.214889 0.054010 0.097074
0 0.795573 0.422139 0.086458 0.145241
0 0.287458 0.705796 0.147229 0.276333
0 0.223818 0.487472 0.097927 0.138389
0 0.308901 0.524731 0.102010 0.153981
0 0.415531 0.290639 0.055229 0.090574
0 0.385703 0.237972 0.050948 0.075315
0 0.456370 0.196032 0.042948 0.061454
0 0.508802 0.287704 0.056979 0.099926
0 0.416312 0.162417 0.033792 0.051759
0 0.480443 0.132440 0.029490 0.045176
0 0.524490 0.139194 0.031438 0.044130
1 0.449740 0.107141 0.031646 0.065959
