0 0.648411 0.163995 0.038594 0.056972
0 0.643724 0.133148 0.026927 0.041796
1 0.687344 0.212648 0.053958 0.095963
0 0.789609 0.411769 0.083906 0.143574
0 0.279859 0.729019 0.151135 0.285333
0 0.219432 0.495620 0.100448 0.141500
0 0.303349 0.539278 0.104156 0.158148
0 0.413875 0.295843 0.055042 0.091944
0 0.383760 0.241954 0.051729 0.077056
0 0.455005 0.199676 0.043344 0.063204
0 0.507542 0.297741 0.058354 0.102000
0 0.415042 0.164847 0.034375 0.052454
0 0.479760 0.134694 0.029687 0.045519
0 0.524219 0.141972 0.031667 0.044130
1 0.449260 0.109049 0.032229 0.066309
