0 0.647839 0.163231 0.038594 0.057463
0 0.642734 0.133398 0.027240 0.042296
1 0.686094 0.212648 0.053958 0.095963
0 0.786589 0.407565 0.083594 0.140759
0 0.276151 0.741843 0.153865 0.290167
0 0.217292 0.499611 0.101625 0.143926
0 0.299740 0.546389 0.106688 0.158481
0 0.413193 0.298611 0.055240 0.092630
0 0.382781 0.243861 0.052125 0.077389
0 0.454521 0.201921 0.043542 0.064231
0 0.506958 0.303472 0.059521 0.102352
0 0.414365 0.166574 0.034958 0.053148
0 0.479469 0.136426 0.030271 0.045519
0 0.523922 0.143699 0.031844 0.044824
1 0.448870 0.110087 0.033010 0.066307
