0 0.647266 0.162472 0.038594 0.057981
0 0.641719 0.133653 0.027500 0.042806
1 0.684844 0.212648 0.053958 0.095963
0 0.783620 0.403370 0.083281 0.137963
0 0.272448 0.754667 0.156604 0.295037
0 0.215141 0.503583 0.102802 0.146352
0 0.296135 0.553491 0.109229 0.158833
0 0.412510 0.301370 0.055438 0.093333
0 0.381807 0.245759 0.052510 0.077741
0 0.454031 0.204176 0.043729 0.065278
0 0.506370 0.309185 0.060698 0.102704
0 0.413677 0.168306 0.035542 0.053833
0 0.479172 0.138157 0.030865 0.045519
0 0.523620 0.145435 0.032031 0.045519
1 0.448479 0.111125 0.033792 0.066306
