0 0.646693 0.161708 0.038594 0.058472
0 0.640729 0.133907 0.027813 0.043315
1 0.683568 0.212648 0.054010 0.095963
0 0.780599 0.399167 0.082969 0.135148
0 0.268750 0.767491 0.159333 0.299870
0 0.212995 0.507574 0.103969 0.148778
0 0.292531 0.560602 0.111771 0.159167
0 0.411828 0.304148 0.055635 0.094037
0 0.380833 0.247667 0.052896 0.078074
0 0.453547 0.206431 0.043927 0.066324
0 0.505786 0.314898 0.061865 0.103056
0 0.412995 0.170046 0.036135 0.054537
0 0.478880 0.139889 0.031448 0.045519
0 0.523323 0.147167 0.032208 0.046204
1 0.448089 0.112168 0.034573 0.066313
