0 0.646120 0.160963 0.038594 0.059000
0 0.639740 0.134157 0.028021 0.043815
1 0.682292 0.212648 0.053958 0.095963
0 0.777630 0.394954 0.082656 0.132352
0 0.265047 0.780315 0.162052 0.304741
0 0.210854 0.511556 0.105125 0.151222
0 0.288927 0.567704 0.114292 0.159519
0 0.411141 0.306926 0.055823 0.094741
0 0.379859 0.249565 0.053281 0.078426
0 0.453057 0.208681 0.044115 0.067343
0 0.505203 0.320611 0.063031 0.103370
0 0.412312 0.171778 0.036708 0.055222
0 0.478589 0.141620 0.032031 0.045519
0 0.523047 0.148903 0.032448 0.046898
1 0.447698 0.113206 0.035354 0.066309
