0 0.645026 0.158685 0.037448 0.058481
1 0.679479 0.209292 0.052083 0.093713
0 0.770521 0.379000 0.080417 0.126185
0 0.248474 0.812185 0.177260 0.304704
0 0.204031 0.524213 0.107083 0.155722
0 0.278302 0.592130 0.123063 0.166815
0 0.408125 0.314556 0.058354 0.098185
0 0.376745 0.254602 0.054844 0.079463
0 0.451401 0.211977 0.044323 0.069083
0 0.502865 0.336380 0.064583 0.107204
0 0.410849 0.174894 0.037302 0.055917
0 0.477714 0.144398 0.033010 0.047593
0 0.522943 0.152713 0.032240 0.048981
1 0.445938 0.115286 0.035750 0.068391
