0 0.644740 0.157921 0.036875 0.057972
1 0.678698 0.207602 0.051146 0.092574
0 0.768490 0.373120 0.079479 0.124500
0 0.242042 0.821722 0.183500 0.302296
0 0.201693 0.528546 0.107469 0.156759
0 0.274792 0.600787 0.126188 0.170278
0 0.406958 0.316981 0.059521 0.099593
0 0.375672 0.256157 0.055427 0.079833
0 0.450818 0.212491 0.044323 0.069426
0 0.501984 0.341398 0.064781 0.108944
0 0.410458 0.175583 0.037292 0.055907
0 0.477417 0.144917 0.033208 0.048630
0 0.523042 0.153755 0.032042 0.049676
1 0.445255 0.115805 0.035552 0.069428
