0 0.644167 0.156407 0.035729 0.056963
1 0.677109 0.204250 0.049219 0.090352
0 0.764375 0.361361 0.077604 0.121167
0 0.229172 0.840796 0.195969 0.297481
0 0.197016 0.537213 0.108260 0.158833
0 0.267776 0.618120 0.132427 0.177204
0 0.404620 0.321824 0.061865 0.102352
0 0.373526 0.259278 0.056594 0.080519
0 0.449641 0.213532 0.044323 0.070120
0 0.500229 0.351454 0.065167 0.112389
0 0.409682 0.176972 0.037302 0.055907
0 0.476833 0.145958 0.033604 0.050713
0 0.523234 0.155833 0.031656 0.051056
1 0.443891 0.116846 0.035156 0.071511
