0 0.643880 0.155648 0.035156 0.056463
1 0.676328 0.202560 0.048281 0.089213
0 0.762344 0.355481 0.076667 0.119481
0 0.222740 0.852324 0.202208 0.299056
0 0.194677 0.541537 0.108646 0.159889
0 0.264266 0.626796 0.135552 0.180667
0 0.403448 0.324250 0.063021 0.103722
0 0.372453 0.260843 0.057177 0.080870
0 0.449057 0.214056 0.044323 0.070481
0 0.499349 0.356491 0.065365 0.114130
0 0.409292 0.177667 0.037292 0.055926
0 0.476542 0.146477 0.033792 0.051750
0 0.523333 0.156870 0.031458 0.051759
1 0.443208 0.117365 0.034958 0.072548
0 0.495260 0.108010 0.024438 0.037202
