0 0.643437 0.154130 0.035417 0.057463
1 0.675703 0.200319 0.048281 0.089213
0 0.759974 0.352120 0.075052 0.118352
0 0.217380 0.859259 0.202406 0.285185
0 0.191948 0.545352 0.108250 0.159185
0 0.259578 0.636148 0.135156 0.184148
0 0.402964 0.327028 0.063615 0.104426
0 0.371281 0.263259 0.058354 0.081556
0 0.448672 0.215782 0.044323 0.070472
0 0.498573 0.363935 0.066917 0.117944
0 0.408901 0.178875 0.038073 0.056954
0 0.476344 0.146648 0.033792 0.051407
0 0.523036 0.158259 0.031635 0.052444
1 0.442917 0.117536 0.034771 0.072891
0 0.494969 0.108702 0.024625 0.037893
