0 0.643021 0.152611 0.035729 0.058481
1 0.675078 0.198088 0.048281 0.089231
0 0.757604 0.348759 0.073542 0.117222
0 0.212021 0.866185 0.202604 0.271333
0 0.189214 0.549167 0.107865 0.158481
0 0.254911 0.645500 0.134760 0.187593
0 0.402474 0.329796 0.064198 0.105111
0 0.370115 0.265694 0.059521 0.082241
0 0.448276 0.217523 0.044323 0.070472
0 0.497792 0.371389 0.068479 0.121741
0 0.408510 0.180093 0.038854 0.058000
0 0.476151 0.146819 0.033781 0.051065
0 0.522734 0.159644 0.031823 0.053139
1 0.442620 0.117712 0.034573 0.073243
0 0.494672 0.109394 0.024823 0.038583
