0 0.642578 0.151097 0.035990 0.059491
1 0.674427 0.195847 0.048333 0.089231
0 0.755234 0.345389 0.071927 0.116111
0 0.206667 0.873111 0.202792 0.257481
0 0.186490 0.552972 0.107479 0.157796
0 0.250229 0.654861 0.134375 0.191056
0 0.401984 0.332574 0.064781 0.105815
0 0.368948 0.268120 0.060687 0.082944
0 0.447891 0.219250 0.044323 0.070463
0 0.497010 0.378824 0.070042 0.125574
0 0.408120 0.181301 0.039635 0.059028
0 0.475958 0.146995 0.033792 0.050713
0 0.522464 0.161028 0.032052 0.053833
1 0.442333 0.117883 0.034375 0.073585
0 0.494385 0.110090 0.025021 0.039283
