0 0.641745 0.148065 0.036615 0.061519
1 0.673177 0.191366 0.048333 0.089231
0 0.750521 0.338667 0.068750 0.113889
0 0.195940 0.886981 0.203182 0.229741
0 0.181031 0.560593 0.106688 0.156407
0 0.240875 0.673574 0.133604 0.198000
0 0.401010 0.338111 0.065958 0.107222
0 0.366604 0.272963 0.063021 0.084333
0 0.447109 0.222713 0.044323 0.070463
0 0.495448 0.393741 0.073167 0.133185
0 0.407339 0.183736 0.041198 0.061120
0 0.475562 0.147343 0.033792 0.050019
0 0.521865 0.163801 0.032417 0.055213
1 0.441745 0.118231 0.033990 0.074280
0 0.493797 0.111474 0.025406 0.040663
