0 0.641016 0.145282 0.036302 0.059991
1 0.672214 0.187440 0.048281 0.089231
0 0.746406 0.330556 0.066875 0.111074
0 0.186292 0.902398 0.202604 0.198907
0 0.175661 0.568741 0.108448 0.159519
0 0.229370 0.695759 0.139844 0.207704
0 0.399260 0.342620 0.067125 0.107907
0 0.363875 0.275917 0.064979 0.086056
0 0.446135 0.225139 0.045104 0.069759
0 0.493786 0.408639 0.076073 0.139426
0 0.406464 0.184769 0.041385 0.062500
0 0.474979 0.147685 0.033792 0.050019
0 0.521469 0.166231 0.032792 0.056611
1 0.440969 0.118405 0.034375 0.075320
0 0.493115 0.111994 0.025604 0.042400
