0 0.640729 0.144019 0.035729 0.057463
1 0.671901 0.185769 0.048281 0.089241
0 0.744688 0.325787 0.066562 0.109389
0 0.182005 0.910889 0.201823 0.181926
0 0.173036 0.573074 0.110594 0.163333
0 0.222547 0.708574 0.146448 0.213926
0 0.397990 0.344352 0.067708 0.107889
0 0.362312 0.276435 0.065750 0.087093
0 0.445552 0.225833 0.045875 0.069074
0 0.492927 0.416083 0.077479 0.141870
0 0.405974 0.184597 0.040802 0.062843
0 0.474594 0.147861 0.033792 0.050370
0 0.521370 0.167273 0.032990 0.057306
1 0.440479 0.118403 0.034958 0.076009
0 0.492729 0.111819 0.025604 0.043435
