0 0.640443 0.142755 0.035156 0.054935
1 0.671589 0.184083 0.048281 0.089241
0 0.742969 0.321028 0.066250 0.107722
0 0.177716 0.919380 0.201047 0.164944
0 0.170401 0.577407 0.112740 0.167148
0 0.215729 0.721398 0.153083 0.220167
0 0.396719 0.346093 0.068292 0.107889
0 0.360750 0.276954 0.066542 0.088130
0 0.444964 0.226528 0.046656 0.068389
0 0.492042 0.423546 0.078833 0.144278
0 0.405490 0.184421 0.040229 0.063194
0 0.474203 0.148032 0.033781 0.050713
0 0.521271 0.168315 0.033188 0.058000
1 0.439990 0.118406 0.035542 0.076707
0 0.492333 0.111649 0.025604 0.044480
