0 0.640156 0.141491 0.034583 0.052407
1 0.671276 0.182403 0.048281 0.089231
0 0.741224 0.316269 0.065990 0.106019
0 0.173430 0.927870 0.200266 0.147963
0 0.167776 0.581741 0.114885 0.170963
0 0.208906 0.734222 0.159708 0.226407
0 0.395448 0.347824 0.068875 0.107907
0 0.359193 0.277472 0.067323 0.089167
0 0.444380 0.227213 0.047448 0.067685
0 0.491161 0.431000 0.080177 0.146704
0 0.405005 0.184250 0.039635 0.063537
0 0.473813 0.148208 0.033792 0.051065
0 0.521177 0.169343 0.033375 0.058685
1 0.439505 0.118404 0.036135 0.077396
0 0.491948 0.111474 0.025604 0.045515
