0 0.639609 0.138963 0.033490 0.047352
1 0.670651 0.179046 0.048281 0.089241
0 0.737760 0.306750 0.065313 0.102685
0 0.164846 0.944852 0.198703 0.114000
0 0.162508 0.590407 0.119172 0.178593
0 0.195260 0.759852 0.172979 0.238889
0 0.392917 0.351278 0.070042 0.107889
0 0.356073 0.278519 0.068875 0.091259
0 0.443208 0.228611 0.049000 0.066296
0 0.489422 0.445889 0.082927 0.151556
0 0.404026 0.183903 0.038469 0.064231
0 0.473031 0.148556 0.033792 0.051759
0 0.520979 0.171426 0.033771 0.060074
1 0.438531 0.118404 0.037292 0.078785
0 0.491167 0.111128 0.025604 0.047596
