0 0.639323 0.138454 0.034063 0.048370
1 0.668776 0.175681 0.047031 0.084750
0 0.734609 0.300593 0.064010 0.101556
0 0.158609 0.601139 0.119948 0.176500
0 0.179078 0.791056 0.181156 0.248593
0 0.391354 0.358565 0.070042 0.111352
0 0.354516 0.284407 0.068094 0.090556
0 0.442042 0.231028 0.049771 0.068389
0 0.486875 0.468769 0.087188 0.158500
0 0.403443 0.188407 0.040427 0.064926
0 0.472255 0.150287 0.034573 0.052444
0 0.521188 0.174546 0.035750 0.060759
1 0.437750 0.120832 0.037292 0.079483
0 0.490974 0.112862 0.025990 0.046906
