0 0.638750 0.137444 0.035208 0.050389
1 0.664974 0.168958 0.044531 0.075787
0 0.728307 0.288259 0.061510 0.099296
0 0.851198 0.946204 0.205208 0.111296
0 0.150810 0.622639 0.121505 0.172352
0 0.146716 0.853417 0.197526 0.267981
0 0.388240 0.373111 0.070042 0.118296
0 0.351396 0.296185 0.066542 0.089185
0 0.439708 0.235889 0.051333 0.072556
0 0.481802 0.514509 0.095771 0.172352
0 0.402271 0.197417 0.044312 0.066315
0 0.470693 0.153750 0.036135 0.053833
0 0.521583 0.180787 0.039646 0.062167
1 0.436193 0.125681 0.037302 0.080861
0 0.490583 0.116324 0.026771 0.045519
