0 0.638750 0.136940 0.035208 0.051398
1 0.664505 0.166995 0.044219 0.076343
0 0.727370 0.285176 0.060260 0.097611
0 0.845833 0.932213 0.203333 0.139278
0 0.148573 0.628000 0.122875 0.177556
0 0.139315 0.860537 0.197538 0.257259
0 0.386870 0.375361 0.071219 0.117944
0 0.349937 0.298259 0.067521 0.090556
0 0.439021 0.236750 0.051521 0.073611
0 0.480354 0.528370 0.097937 0.178593
0 0.401104 0.197583 0.043917 0.066648
0 0.470203 0.154273 0.036323 0.054880
0 0.520984 0.181134 0.040010 0.063546
1 0.435417 0.125856 0.037292 0.081213
0 0.490193 0.115977 0.027156 0.046213
