0 0.638750 0.136431 0.035208 0.052417
1 0.664036 0.165042 0.043906 0.076917
0 0.726432 0.282102 0.059010 0.095944
0 0.840469 0.918204 0.201458 0.167296
0 0.146328 0.633380 0.124240 0.182759
0 0.131903 0.873111 0.197528 0.257481
0 0.385510 0.377611 0.072375 0.117593
0 0.348474 0.300333 0.068490 0.091963
0 0.438339 0.237620 0.051719 0.074611
0 0.478875 0.542231 0.100062 0.184833
0 0.399932 0.197769 0.043531 0.067019
0 0.469719 0.154792 0.036521 0.055917
0 0.520411 0.181481 0.040427 0.064926
1 0.434635 0.126028 0.037292 0.081556
0 0.489802 0.115632 0.027563 0.046902
