0 0.638750 0.135421 0.035208 0.054435
1 0.663099 0.161116 0.043281 0.078028
0 0.724531 0.275944 0.056458 0.092593
0 0.829766 0.890204 0.197656 0.223296
0 0.141849 0.644120 0.126969 0.193130
0 0.117089 0.885593 0.197531 0.232519
0 0.382781 0.382130 0.074729 0.116889
0 0.345552 0.304500 0.070438 0.094741
0 0.436974 0.239352 0.052115 0.076704
0 0.475953 0.569963 0.104344 0.197296
0 0.397594 0.198111 0.042750 0.067704
0 0.468745 0.155829 0.036906 0.057991
0 0.519240 0.182171 0.041208 0.067694
1 0.433073 0.126375 0.037292 0.082250
0 0.489021 0.114939 0.028333 0.048289
