0 0.638750 0.134412 0.035208 0.056454
1 0.662135 0.157199 0.042604 0.079157
0 0.722656 0.269778 0.053958 0.089222
0 0.819062 0.854509 0.193854 0.263944
0 0.137367 0.654861 0.129703 0.203537
0 0.101042 0.898065 0.200000 0.207574
0 0.380052 0.386639 0.077063 0.116204
0 0.342630 0.308657 0.072385 0.097500
0 0.435604 0.241083 0.052500 0.078796
0 0.473026 0.597676 0.108635 0.209759
0 0.395260 0.198454 0.041979 0.068389
0 0.467771 0.156870 0.037292 0.060074
0 0.518068 0.182861 0.041990 0.070463
1 0.431516 0.126722 0.037302 0.082944
0 0.488245 0.114246 0.029115 0.049674
