0 0.637318 0.133403 0.033490 0.054435
1 0.661198 0.157199 0.041979 0.079157
0 0.719479 0.266426 0.053958 0.089222
0 0.806771 0.820343 0.181875 0.265056
0 0.132294 0.670454 0.130474 0.208389
0 0.377328 0.394259 0.076281 0.119000
0 0.339901 0.314556 0.071615 0.096815
0 0.434828 0.246972 0.051719 0.080870
0 0.468948 0.642722 0.117625 0.234741
0 0.393896 0.203306 0.042375 0.068389
0 0.466797 0.160338 0.036906 0.058694
0 0.517875 0.190838 0.042375 0.071176
1 0.430932 0.129841 0.039240 0.085022
0 0.487656 0.118056 0.029500 0.048981
