0 0.636615 0.132898 0.032604 0.053426
1 0.660729 0.157199 0.041667 0.079157
0 0.717917 0.264731 0.053958 0.089241
0 0.800599 0.803278 0.175885 0.265667
0 0.129758 0.678250 0.130859 0.210833
0 0.375958 0.398074 0.075896 0.120370
0 0.338536 0.317500 0.071219 0.096444
0 0.434437 0.249917 0.051333 0.081907
0 0.466885 0.665250 0.122063 0.247204
0 0.393214 0.205731 0.042552 0.068389
0 0.466313 0.162074 0.036708 0.058000
0 0.517776 0.194819 0.042573 0.071509
1 0.430641 0.131402 0.040219 0.086067
0 0.487370 0.119963 0.029698 0.048630
