0 0.633646 0.130366 0.031771 0.050398
1 0.659010 0.154954 0.041354 0.076907
0 0.710990 0.254648 0.053333 0.088111
0 0.773984 0.715065 0.151615 0.251648
0 0.115338 0.717241 0.137888 0.222963
0 0.369339 0.418870 0.076677 0.128000
0 0.330740 0.332565 0.073563 0.100981
0 0.431516 0.262222 0.052885 0.083630
0 0.454120 0.773370 0.144885 0.285333
0 0.389411 0.215444 0.044323 0.070481
0 0.464458 0.168306 0.037687 0.056611
0 0.516505 0.210241 0.043552 0.072556
1 0.428792 0.138157 0.041979 0.087796
0 0.486099 0.125685 0.029510 0.047593
0 0.531526 0.096920 0.026010 0.041363
