0 0.633203 0.129861 0.032656 0.050389
1 0.658854 0.153843 0.041667 0.075796
0 0.709896 0.252139 0.053021 0.087537
0 0.769922 0.696583 0.148490 0.243833
0 0.111927 0.725037 0.140814 0.225370
0 0.368068 0.423546 0.077656 0.129722
0 0.328885 0.335685 0.075312 0.103741
0 0.430635 0.263954 0.054250 0.082944
0 0.450823 0.793648 0.149604 0.285667
0 0.388536 0.216653 0.044906 0.071509
0 0.464266 0.168833 0.038469 0.056963
0 0.516005 0.211977 0.043719 0.072565
1 0.428302 0.139199 0.041396 0.087102
0 0.485901 0.125685 0.029115 0.047593
0 0.531224 0.097610 0.026198 0.041354
