1 0.657682 0.150671 0.041927 0.072102
0 0.705651 0.242611 0.051406 0.086074
0 0.754427 0.627130 0.135521 0.216111
0 0.098475 0.756565 0.150946 0.235093
0 0.362703 0.441380 0.080969 0.136315
0 0.321474 0.348509 0.080760 0.113426
0 0.427130 0.271231 0.058156 0.082944
0 0.437844 0.872593 0.164979 0.258519
0 0.385219 0.222546 0.046458 0.073574
0 0.463000 0.172292 0.040229 0.058343
0 0.514255 0.219764 0.044510 0.072880
1 0.425865 0.143704 0.040417 0.085722
0 0.485026 0.127241 0.028531 0.048630
0 0.530542 0.101077 0.026000 0.042050
0 0.498573 0.090335 0.022875 0.037200
