1 0.657031 0.150875 0.041250 0.071769
0 0.704766 0.240639 0.050677 0.086278
0 0.751250 0.613139 0.131979 0.211944
0 0.095260 0.764713 0.152314 0.237500
0 0.361146 0.445194 0.081354 0.137685
0 0.319625 0.351981 0.080958 0.114815
0 0.426250 0.273306 0.057958 0.085019
0 0.434828 0.888713 0.166344 0.226278
0 0.384536 0.224787 0.046281 0.072537
0 0.462318 0.174194 0.039635 0.058685
0 0.513958 0.222370 0.044687 0.073222
1 0.424891 0.145093 0.041198 0.086407
0 0.484734 0.128801 0.029115 0.049676
0 0.530729 0.102462 0.025208 0.042743
0 0.498380 0.091373 0.023656 0.037198
