1 0.656354 0.151074 0.040521 0.071444
0 0.703828 0.238667 0.049948 0.086481
0 0.748073 0.599139 0.128542 0.207759
0 0.092045 0.772861 0.153680 0.239944
0 0.359583 0.449009 0.081750 0.139093
0 0.317776 0.355444 0.081156 0.116222
0 0.425375 0.275389 0.057771 0.087111
0 0.431813 0.904824 0.167708 0.194056
0 0.383854 0.227046 0.046083 0.071500
0 0.461630 0.176111 0.039052 0.059037
0 0.513687 0.224963 0.044917 0.073593
1 0.423917 0.146472 0.041979 0.087093
0 0.484443 0.130361 0.029698 0.050722
0 0.530917 0.103848 0.024417 0.043433
0 0.498177 0.092411 0.024438 0.037196
