1 0.655651 0.151273 0.039844 0.071120
0 0.702917 0.236694 0.049271 0.086685
0 0.744896 0.585139 0.125000 0.203574
0 0.083693 0.781009 0.165302 0.242352
0 0.358026 0.452824 0.082135 0.140463
0 0.315922 0.358907 0.081344 0.117593
0 0.424495 0.277472 0.057573 0.089167
0 0.428786 0.920944 0.169073 0.161815
0 0.383172 0.229306 0.045885 0.070463
0 0.460953 0.178014 0.038469 0.059380
0 0.513385 0.227574 0.045104 0.073926
1 0.422943 0.147861 0.042760 0.087796
0 0.484151 0.131921 0.030281 0.051750
0 0.531130 0.105239 0.023677 0.044133
0 0.497984 0.093455 0.025219 0.037202
