1 0.655000 0.151472 0.039167 0.070796
0 0.702031 0.234741 0.048542 0.086889
0 0.741693 0.571130 0.121510 0.199407
0 0.082427 0.789148 0.162771 0.244778
0 0.356469 0.456630 0.082521 0.141852
0 0.314073 0.362380 0.081542 0.118981
0 0.423615 0.279556 0.057375 0.091259
0 0.425771 0.937056 0.170437 0.129593
0 0.382490 0.231556 0.045687 0.069444
0 0.460271 0.179917 0.037875 0.059722
0 0.513089 0.230176 0.045281 0.074278
1 0.421964 0.149250 0.043531 0.088500
0 0.483859 0.133481 0.030865 0.052796
0 0.531323 0.106624 0.022875 0.044826
0 0.497792 0.094494 0.026000 0.037198
