1 0.653984 0.148551 0.039635 0.069769
0 0.698646 0.229435 0.047083 0.084796
0 0.729635 0.531074 0.110521 0.189259
0 0.077359 0.825852 0.152635 0.252370
0 0.349641 0.475000 0.089927 0.147407
0 0.306078 0.378315 0.084677 0.120370
0 0.420990 0.289435 0.058354 0.096463
0 0.378594 0.238481 0.047250 0.071519
0 0.458370 0.184431 0.039115 0.059324
0 0.511385 0.242694 0.046188 0.075463
1 0.418651 0.152718 0.045490 0.091269
0 0.482682 0.137639 0.030865 0.052796
0 0.531219 0.110087 0.022667 0.043437
0 0.496427 0.096574 0.024438 0.037204
