1 0.653854 0.147514 0.040000 0.069528
0 0.697812 0.228315 0.046875 0.084037
0 0.726693 0.522398 0.108073 0.187278
0 0.076094 0.835426 0.150104 0.254148
0 0.347891 0.479843 0.092260 0.148796
0 0.304031 0.382481 0.085646 0.120370
0 0.420406 0.292028 0.058750 0.097500
0 0.377521 0.240046 0.047833 0.072537
0 0.457958 0.185296 0.039708 0.059074
0 0.510938 0.246000 0.046458 0.075741
1 0.417870 0.153407 0.045885 0.091963
0 0.482396 0.138505 0.030667 0.052454
0 0.531120 0.110783 0.022865 0.042748
0 0.496036 0.096919 0.023656 0.037200
