1 0.653776 0.146472 0.040365 0.069296
0 0.697005 0.227204 0.046615 0.083259
0 0.723698 0.513713 0.105625 0.185315
0 0.074823 0.844935 0.147562 0.255870
0 0.346135 0.484704 0.094604 0.150185
0 0.301979 0.386630 0.086625 0.120370
0 0.419818 0.294620 0.059135 0.098537
0 0.376448 0.241611 0.048417 0.073593
0 0.457557 0.186167 0.040323 0.058815
0 0.510464 0.249306 0.046677 0.076019
1 0.417094 0.154102 0.046271 0.092648
0 0.482099 0.139370 0.030469 0.052093
0 0.531021 0.111474 0.023062 0.042052
0 0.495646 0.097264 0.022875 0.037194
