1 0.653646 0.145431 0.040729 0.069065
0 0.696172 0.226093 0.046406 0.082519
0 0.720729 0.505028 0.103125 0.183315
0 0.073557 0.854454 0.145031 0.257574
0 0.344380 0.489556 0.096948 0.151556
0 0.299938 0.390796 0.087583 0.120370
0 0.419234 0.297222 0.059531 0.099556
0 0.375375 0.243167 0.049000 0.074630
0 0.457151 0.187042 0.040927 0.058583
0 0.509990 0.252620 0.046896 0.076278
1 0.416312 0.154792 0.046667 0.093343
0 0.481807 0.140236 0.030281 0.051750
0 0.530922 0.112166 0.023260 0.041354
0 0.495260 0.097612 0.022104 0.037202
