1 0.652865 0.144032 0.039792 0.068509
0 0.695547 0.221894 0.045781 0.080843
0 0.718854 0.494111 0.102500 0.179407
0 0.071802 0.858963 0.141521 0.254111
0 0.342823 0.493546 0.097729 0.153981
0 0.297693 0.393398 0.088177 0.120722
0 0.418260 0.298259 0.059521 0.098185
0 0.374208 0.244546 0.049771 0.075315
0 0.456875 0.187903 0.040917 0.059528
0 0.509495 0.255370 0.047469 0.078444
1 0.415724 0.155315 0.046656 0.095074
0 0.481417 0.140060 0.030271 0.052102
0 0.530839 0.112169 0.024260 0.042052
0 0.494875 0.097437 0.022875 0.038237
