1 0.652083 0.142630 0.038854 0.067944
0 0.694922 0.217685 0.045156 0.079148
0 0.716979 0.483185 0.101875 0.175481
0 0.070047 0.863472 0.138010 0.250648
0 0.341255 0.497528 0.098510 0.156389
0 0.295453 0.395991 0.088760 0.121056
0 0.417286 0.299306 0.059531 0.096796
0 0.373036 0.245926 0.050552 0.076000
0 0.456599 0.188769 0.040885 0.060463
0 0.508974 0.258130 0.047990 0.080593
1 0.415141 0.155833 0.046656 0.096815
0 0.481026 0.139889 0.030281 0.052444
0 0.530729 0.112166 0.025208 0.042743
0 0.494484 0.097267 0.023656 0.039281
