1 0.651276 0.141231 0.037865 0.067389
0 0.694297 0.213486 0.044531 0.077472
0 0.715078 0.472250 0.101198 0.171574
0 0.068297 0.873111 0.134510 0.257481
0 0.339698 0.501509 0.099292 0.158833
0 0.293214 0.398593 0.089344 0.121407
0 0.416312 0.300333 0.059521 0.095407
0 0.371865 0.247315 0.051333 0.076704
0 0.456323 0.189620 0.040875 0.061389
0 0.508484 0.260889 0.048552 0.082741
1 0.414557 0.156356 0.046656 0.098546
0 0.480635 0.139718 0.030271 0.052787
0 0.530646 0.112169 0.026208 0.043441
0 0.494094 0.097092 0.024438 0.040317
