1 0.647031 0.130315 0.035104 0.065704
0 0.686719 0.200884 0.042604 0.065713
0 0.700911 0.402528 0.086094 0.146352
0 0.969411 0.808824 0.063260 0.219130
0 0.324500 0.547778 0.106313 0.180667
0 0.271281 0.432380 0.098104 0.124537
0 0.408125 0.315935 0.067708 0.099574
0 0.360172 0.261880 0.056010 0.082944
0 0.451984 0.199495 0.043156 0.066306
0 0.504615 0.292028 0.054833 0.101648
1 0.408120 0.165190 0.046656 0.101657
0 0.475958 0.145435 0.032625 0.053833
0 0.530927 0.117366 0.027938 0.047602
0 0.492339 0.103850 0.023260 0.041356
