1 0.646068 0.128074 0.035677 0.065704
0 0.686094 0.195847 0.042604 0.066824
0 0.698672 0.387963 0.084219 0.141889
0 0.963745 0.777222 0.074594 0.218333
0 0.319432 0.558870 0.110990 0.186222
0 0.265630 0.439306 0.100844 0.131463
0 0.406370 0.319750 0.068094 0.101648
0 0.357635 0.266046 0.057187 0.082944
0 0.450620 0.200889 0.042760 0.067704
0 0.503651 0.299306 0.056031 0.103722
1 0.406370 0.166926 0.047823 0.103741
0 0.476151 0.146130 0.033010 0.055222
0 0.530339 0.118403 0.027552 0.048287
0 0.491365 0.103156 0.024438 0.039967
