1 0.645599 0.126954 0.035990 0.065704
0 0.685781 0.193324 0.042604 0.067389
0 0.697578 0.380685 0.083281 0.139630
0 0.960911 0.761417 0.080260 0.217944
0 0.316896 0.564417 0.113333 0.188981
0 0.262802 0.442759 0.102208 0.134926
0 0.405495 0.321657 0.068302 0.102685
0 0.356365 0.268120 0.057771 0.082944
0 0.449937 0.201579 0.042562 0.068398
0 0.503156 0.302944 0.056604 0.104778
1 0.405495 0.167792 0.048406 0.104787
0 0.476250 0.146477 0.033208 0.055917
0 0.530062 0.118926 0.027375 0.048630
0 0.490875 0.102813 0.025021 0.039281
