1 0.645130 0.125833 0.036302 0.065704
0 0.685469 0.190806 0.042604 0.067944
0 0.696484 0.373398 0.082344 0.137389
0 0.958078 0.745611 0.085927 0.217556
0 0.314365 0.569954 0.115667 0.191759
0 0.259974 0.446231 0.103573 0.138389
0 0.404620 0.323565 0.068490 0.103722
0 0.355099 0.270194 0.058344 0.082944
0 0.449250 0.202273 0.042375 0.069083
0 0.502661 0.306583 0.057177 0.105833
1 0.404609 0.168662 0.048990 0.105824
0 0.476344 0.146819 0.033396 0.056602
0 0.529755 0.119444 0.027156 0.048981
0 0.490385 0.102466 0.025604 0.038587
