1 0.644661 0.124711 0.036615 0.065707
0 0.685156 0.188282 0.042604 0.068509
0 0.695391 0.366111 0.081406 0.135148
0 0.955245 0.729815 0.091594 0.217148
0 0.311833 0.575500 0.118000 0.194519
0 0.257151 0.449704 0.104948 0.141852
0 0.403740 0.325463 0.068687 0.104778
0 0.353833 0.272269 0.058937 0.082944
0 0.448568 0.202963 0.042177 0.069778
0 0.502172 0.310213 0.057740 0.106870
1 0.403734 0.169519 0.049573 0.106852
0 0.476443 0.147167 0.033594 0.057296
0 0.529479 0.119963 0.026979 0.049333
0 0.489896 0.102119 0.026187 0.037893
