1 0.644193 0.123591 0.036927 0.065707
0 0.684844 0.185764 0.042604 0.069065
0 0.694271 0.358833 0.080417 0.132926
0 0.952411 0.714009 0.097260 0.216759
0 0.309297 0.581046 0.120344 0.197315
0 0.254328 0.453157 0.106302 0.145315
0 0.402865 0.327370 0.068875 0.105815
0 0.352568 0.274352 0.059531 0.082926
0 0.447891 0.203653 0.041990 0.070472
0 0.501703 0.313861 0.058365 0.107907
1 0.402859 0.170384 0.050156 0.107898
0 0.476542 0.147514 0.033792 0.057991
0 0.529172 0.120486 0.026760 0.049676
0 0.489411 0.101771 0.026781 0.037198
