1 0.643568 0.123031 0.036927 0.064587
0 0.683281 0.184088 0.039479 0.065713
0 0.691458 0.349324 0.076042 0.127315
0 0.946745 0.682407 0.108594 0.215963
0 0.302859 0.595602 0.123844 0.201463
0 0.248474 0.463574 0.109427 0.146704
0 0.400526 0.331880 0.067323 0.106500
0 0.349839 0.278157 0.060302 0.085019
0 0.446719 0.206079 0.043542 0.072546
0 0.500531 0.324250 0.059146 0.112056
1 0.400911 0.172120 0.049385 0.107204
0 0.475958 0.148556 0.033396 0.057296
0 0.529172 0.122218 0.028323 0.050361
0 0.489411 0.103158 0.027552 0.038591
