1 0.643229 0.122748 0.036979 0.064022
0 0.682474 0.183245 0.037865 0.064028
0 0.690026 0.344556 0.073802 0.124519
0 0.943911 0.666602 0.114260 0.215574
0 0.299641 0.602880 0.125594 0.203537
0 0.245552 0.468769 0.110979 0.147389
0 0.399354 0.334130 0.066542 0.106852
0 0.348474 0.280065 0.060698 0.086056
0 0.446135 0.207296 0.044312 0.073593
0 0.499932 0.329454 0.059510 0.114130
1 0.399932 0.172991 0.048990 0.106870
0 0.475667 0.149074 0.033208 0.056944
0 0.529188 0.123083 0.029125 0.050722
0 0.489411 0.103851 0.027948 0.039280
