1 0.642917 0.122470 0.036979 0.063467
0 0.681693 0.182403 0.036302 0.062343
0 0.688620 0.339796 0.071615 0.121704
0 0.941078 0.650796 0.119927 0.215185
0 0.296427 0.610148 0.127354 0.205630
0 0.242625 0.473972 0.112542 0.148093
0 0.398182 0.336380 0.065760 0.107204
0 0.347109 0.281981 0.061094 0.087111
0 0.445552 0.208514 0.045104 0.074639
0 0.499359 0.334657 0.059927 0.116204
1 0.398964 0.173856 0.048594 0.106509
0 0.475370 0.149593 0.033010 0.056611
0 0.529172 0.123949 0.029885 0.051065
0 0.489417 0.104543 0.028333 0.039970
