1 0.642604 0.122188 0.036979 0.062902
0 0.680911 0.181560 0.034740 0.060657
0 0.687187 0.335037 0.069375 0.118926
0 0.938964 0.640630 0.124156 0.211444
0 0.293208 0.617426 0.129104 0.207704
0 0.239703 0.479157 0.114094 0.148796
0 0.397010 0.338630 0.064979 0.107556
0 0.345745 0.283889 0.061469 0.088148
0 0.444964 0.209722 0.045885 0.075667
0 0.498760 0.339852 0.060292 0.118296
1 0.397990 0.174718 0.048208 0.106157
0 0.475078 0.150111 0.032823 0.056259
0 0.529188 0.124815 0.030687 0.051407
0 0.489411 0.105234 0.028719 0.040661
