1 0.642292 0.121910 0.036979 0.062346
0 0.680130 0.180727 0.033177 0.058991
0 0.685781 0.330269 0.067187 0.116093
0 0.936854 0.630454 0.128375 0.207685
0 0.289995 0.624704 0.130865 0.209778
0 0.236776 0.484352 0.115656 0.149481
0 0.395839 0.340880 0.064198 0.107907
0 0.344380 0.285796 0.061865 0.089185
0 0.444380 0.210940 0.046656 0.076713
0 0.498193 0.345037 0.060698 0.120370
1 0.397016 0.175588 0.047823 0.105824
0 0.474786 0.150634 0.032615 0.055917
0 0.529172 0.125681 0.031448 0.051750
0 0.489411 0.105931 0.029115 0.041361
