1 0.641667 0.119109 0.035729 0.061226
0 0.679479 0.174560 0.034479 0.060102
0 0.683255 0.322426 0.067240 0.116111
0 0.923854 0.610111 0.119271 0.200185
0 0.285901 0.639259 0.132802 0.216704
0 0.229953 0.495444 0.119948 0.153630
0 0.393307 0.346435 0.066927 0.110685
0 0.341073 0.289602 0.063812 0.088500
0 0.442823 0.213014 0.047438 0.073935
0 0.496630 0.355102 0.063823 0.121056
1 0.395453 0.177324 0.048594 0.107907
0 0.474005 0.152019 0.034177 0.057296
0 0.528781 0.126722 0.030667 0.051056
0 0.488635 0.107315 0.028333 0.044130
