1 0.641354 0.117707 0.035104 0.060659
0 0.679167 0.171472 0.035104 0.060648
0 0.681979 0.318519 0.067187 0.116111
0 0.920245 0.599935 0.120490 0.196426
0 0.283854 0.646546 0.133792 0.220167
0 0.226547 0.500991 0.122094 0.155722
0 0.392042 0.349204 0.068292 0.112037
0 0.339411 0.291509 0.064781 0.088130
0 0.442042 0.214056 0.047833 0.072556
0 0.495849 0.360130 0.065385 0.121407
1 0.394672 0.178181 0.048990 0.108935
0 0.473615 0.152713 0.034958 0.058000
0 0.528599 0.127245 0.030302 0.050713
0 0.488245 0.108009 0.027948 0.045519
