1 0.640078 0.112945 0.033177 0.058980
0 0.677422 0.161671 0.035990 0.061213
0 0.677109 0.302537 0.066302 0.114444
0 0.905802 0.559241 0.125375 0.181407
0 0.273328 0.677213 0.140802 0.236463
0 0.212318 0.524389 0.129115 0.167148
0 0.387068 0.360306 0.072385 0.116907
0 0.333078 0.299815 0.068094 0.090222
0 0.439120 0.218722 0.048990 0.070111
0 0.492719 0.383343 0.070813 0.125574
1 0.390875 0.182866 0.051146 0.113454
0 0.471865 0.156005 0.036917 0.060417
0 0.527911 0.129319 0.029698 0.050028
0 0.486292 0.110955 0.027167 0.049331
