1 0.639766 0.112388 0.033177 0.058983
0 0.676641 0.161116 0.035052 0.060102
0 0.675990 0.298343 0.065313 0.112759
0 0.902188 0.549074 0.126604 0.177667
0 0.268943 0.686046 0.144906 0.242352
0 0.208318 0.531139 0.129698 0.172352
0 0.385901 0.363074 0.072385 0.117593
0 0.331714 0.302417 0.068490 0.093352
0 0.438536 0.220282 0.048990 0.071843
0 0.491948 0.391491 0.071625 0.128685
1 0.389411 0.184940 0.052115 0.114824
0 0.471281 0.157222 0.036521 0.060778
0 0.527823 0.129843 0.030292 0.050370
0 0.485516 0.111822 0.027552 0.048985
