1 0.637734 0.110427 0.033490 0.058424
0 0.673177 0.158597 0.031875 0.056176
0 0.671120 0.279583 0.061198 0.104352
0 0.885833 0.508380 0.118229 0.173241
0 0.247599 0.733352 0.162635 0.266963
0 0.187365 0.566491 0.136125 0.191056
0 0.380151 0.377796 0.072969 0.121407
0 0.324589 0.316111 0.070240 0.105481
0 0.435313 0.228954 0.049188 0.078093
0 0.487453 0.433250 0.076656 0.144981
1 0.382589 0.195676 0.056010 0.121056
0 0.468839 0.163810 0.035156 0.062157
0 0.527125 0.134176 0.032417 0.052796
0 0.482396 0.117190 0.029500 0.047250
