1 0.636953 0.110707 0.033802 0.057863
0 0.672839 0.158315 0.032552 0.056741
0 0.670651 0.277611 0.060885 0.102667
0 0.881719 0.501657 0.116354 0.169870
0 0.243792 0.745306 0.164000 0.267981
0 0.182396 0.574806 0.140229 0.188981
0 0.379078 0.381435 0.073552 0.122463
0 0.322937 0.319407 0.070438 0.105111
0 0.434437 0.231380 0.049375 0.077389
0 0.486099 0.442426 0.078635 0.148778
1 0.381615 0.198106 0.056021 0.121750
0 0.468745 0.165537 0.035344 0.062148
0 0.526844 0.136426 0.032250 0.053833
0 0.482391 0.119097 0.029885 0.046898
