1 0.636172 0.110987 0.034115 0.057304
0 0.672526 0.158037 0.033177 0.057296
0 0.670182 0.275667 0.060573 0.101000
0 0.877656 0.494944 0.114479 0.166519
0 0.239995 0.757259 0.165365 0.269037
0 0.177427 0.583120 0.144312 0.186907
0 0.378010 0.385074 0.074146 0.123481
0 0.321276 0.322694 0.070635 0.104759
0 0.433563 0.233815 0.049583 0.076704
0 0.484724 0.451602 0.080552 0.152611
1 0.380635 0.200537 0.056021 0.122444
0 0.468646 0.167273 0.035542 0.062157
0 0.526542 0.138676 0.032021 0.054870
0 0.482391 0.121000 0.030281 0.046556
