1 0.635365 0.111268 0.034479 0.056743
0 0.672214 0.157755 0.033802 0.057861
0 0.669714 0.273704 0.060260 0.099296
0 0.873542 0.488222 0.112604 0.163148
0 0.236198 0.769213 0.166729 0.270093
0 0.172451 0.591444 0.148411 0.184815
0 0.376938 0.388713 0.074729 0.124537
0 0.319620 0.325991 0.070823 0.104426
0 0.432688 0.236231 0.049771 0.076019
0 0.483370 0.460796 0.082531 0.156407
1 0.379667 0.202963 0.056021 0.123148
0 0.468547 0.169000 0.035740 0.062148
0 0.526260 0.140931 0.031854 0.055917
0 0.482396 0.122912 0.030667 0.046213
