1 0.634583 0.111547 0.034792 0.056183
0 0.671901 0.157477 0.034427 0.058417
0 0.669245 0.271741 0.059948 0.097630
0 0.869453 0.481491 0.110677 0.159796
0 0.232396 0.781176 0.168104 0.271130
0 0.167479 0.599750 0.152500 0.182759
0 0.375865 0.392352 0.075312 0.125556
0 0.317969 0.329278 0.071021 0.104074
0 0.431807 0.238657 0.049969 0.075315
0 0.481995 0.469981 0.084448 0.160222
1 0.378687 0.205394 0.056021 0.123843
0 0.468453 0.170727 0.035927 0.062139
0 0.525953 0.143181 0.031635 0.056954
0 0.482396 0.124819 0.031062 0.045861
