1 0.633776 0.111827 0.035052 0.055624
0 0.671589 0.157194 0.035052 0.058981
0 0.668776 0.269787 0.059635 0.095944
0 0.865365 0.474778 0.108750 0.156444
0 0.228589 0.793111 0.169469 0.272111
0 0.162510 0.608074 0.156604 0.180667
0 0.374792 0.395991 0.075896 0.126611
0 0.316313 0.332574 0.071208 0.103741
0 0.430932 0.241093 0.050156 0.074630
0 0.480641 0.479167 0.086427 0.164037
1 0.377714 0.207810 0.056010 0.124528
0 0.468354 0.172463 0.036125 0.062148
0 0.525677 0.145435 0.031458 0.058000
0 0.482391 0.126722 0.031448 0.045519
