1 0.633776 0.111827 0.033802 0.055624
0 0.670651 0.155514 0.034427 0.060102
0 0.666875 0.263056 0.057083 0.093704
0 0.858750 0.460769 0.105625 0.148611
0 0.219432 0.812537 0.175302 0.274926
0 0.151594 0.626444 0.160500 0.193852
0 0.371479 0.403620 0.078625 0.130759
0 0.312609 0.338111 0.072385 0.103741
0 0.429370 0.244556 0.051719 0.077407
0 0.477703 0.502731 0.089906 0.172352
1 0.375182 0.211282 0.056406 0.125917
0 0.467385 0.174894 0.037292 0.062843
0 0.526068 0.147167 0.032240 0.057296
0 0.481031 0.127069 0.031833 0.047602
