1 0.633776 0.111827 0.032552 0.055624
0 0.669714 0.153833 0.033802 0.061222
0 0.664974 0.256333 0.054635 0.091481
0 0.852135 0.446769 0.102500 0.140759
0 0.210271 0.831963 0.181167 0.277741
0 0.140677 0.644815 0.164396 0.207000
0 0.368161 0.411231 0.081365 0.134944
0 0.308906 0.343667 0.073563 0.103741
0 0.427812 0.248009 0.053271 0.080167
0 0.474786 0.526287 0.093448 0.180685
1 0.372646 0.214750 0.056792 0.127315
0 0.466406 0.177319 0.038458 0.063546
0 0.526458 0.148903 0.033021 0.056602
0 0.479661 0.127412 0.032219 0.049676
