1 0.633776 0.111827 0.031927 0.055624
0 0.669245 0.152995 0.033490 0.061787
0 0.664036 0.252972 0.053385 0.090352
0 0.848828 0.439769 0.100885 0.136833
0 0.205687 0.841648 0.184083 0.279111
0 0.135221 0.653991 0.166349 0.213574
0 0.366505 0.415046 0.082719 0.137019
0 0.307052 0.346435 0.074146 0.103722
0 0.427031 0.249741 0.054062 0.081556
0 0.473328 0.538074 0.095198 0.184815
1 0.371380 0.216481 0.056990 0.128000
0 0.465922 0.178537 0.039052 0.063889
0 0.526641 0.149769 0.033385 0.056259
0 0.478979 0.127588 0.032417 0.050713
