1 0.633620 0.110707 0.030365 0.055622
0 0.668151 0.151032 0.031927 0.060102
0 0.662135 0.247093 0.052083 0.088667
0 0.842682 0.427176 0.098073 0.131796
0 0.196815 0.862204 0.187786 0.279296
0 0.123232 0.674787 0.169661 0.226056
0 0.363193 0.422500 0.084677 0.140111
0 0.302958 0.353361 0.075312 0.106500
0 0.425469 0.253213 0.055229 0.083648
0 0.470401 0.565278 0.098698 0.194889
1 0.368750 0.219940 0.057958 0.128676
0 0.465047 0.181306 0.039635 0.064574
0 0.526552 0.152194 0.034396 0.054870
0 0.477807 0.129319 0.032823 0.050713
0 0.505687 0.100212 0.022292 0.038243
