1 0.633333 0.108467 0.028438 0.055622
0 0.666875 0.148792 0.029375 0.055620
0 0.660260 0.242056 0.052083 0.087556
0 0.837005 0.415963 0.095573 0.129556
0 0.188242 0.873630 0.189349 0.256444
0 0.110170 0.698000 0.172389 0.237852
0 0.359880 0.429787 0.085844 0.142204
0 0.298474 0.361685 0.076490 0.112037
0 0.423911 0.256676 0.056010 0.085019
0 0.467479 0.596120 0.102208 0.206648
1 0.366016 0.223403 0.059510 0.128676
0 0.464266 0.184421 0.039635 0.065269
0 0.525969 0.155315 0.035563 0.052796
0 0.476833 0.132440 0.033208 0.048639
0 0.505490 0.101249 0.022688 0.040317
