1 0.633177 0.107346 0.027500 0.055622
0 0.666250 0.147671 0.028125 0.053380
0 0.659323 0.239537 0.052083 0.087000
0 0.834167 0.410370 0.094271 0.128444
0 0.183956 0.879352 0.190130 0.245000
0 0.103642 0.709611 0.173757 0.243741
0 0.358224 0.433417 0.086427 0.143241
0 0.296234 0.365843 0.077073 0.114833
0 0.423130 0.258417 0.056406 0.085722
0 0.466021 0.611537 0.103958 0.212556
1 0.364656 0.225139 0.060292 0.128685
0 0.463875 0.185986 0.039646 0.065620
0 0.525677 0.156870 0.036146 0.051759
0 0.476344 0.134000 0.033396 0.047593
0 0.505396 0.101772 0.022875 0.041363
