1 0.632865 0.105106 0.025625 0.055622
0 0.665000 0.145431 0.025625 0.048898
0 0.657396 0.234491 0.052083 0.085870
0 0.828490 0.399157 0.091771 0.126204
0 0.175375 0.890796 0.191688 0.222111
0 0.089927 0.732833 0.177771 0.255519
0 0.354911 0.440694 0.087594 0.145315
0 0.291750 0.374148 0.078229 0.120370
0 0.421573 0.261880 0.057187 0.087093
0 0.463094 0.642380 0.107479 0.224315
1 0.361927 0.228602 0.061854 0.128685
0 0.463099 0.189102 0.039635 0.066315
0 0.525094 0.159986 0.037312 0.049676
0 0.475375 0.137120 0.033792 0.045519
0 0.505198 0.102809 0.023271 0.043437
