1 0.631901 0.106226 0.027552 0.055622
0 0.664661 0.144310 0.024948 0.048898
0 0.657422 0.231694 0.050781 0.084759
0 0.823750 0.391324 0.089896 0.119463
0 0.167187 0.905000 0.186229 0.193704
0 0.083891 0.760204 0.165698 0.263148
0 0.351396 0.451083 0.089146 0.146722
0 0.288047 0.381093 0.078615 0.120370
0 0.419625 0.267426 0.057187 0.087111
0 0.459198 0.683611 0.112937 0.238889
1 0.358995 0.234847 0.063031 0.127306
0 0.461927 0.192222 0.039646 0.067000
0 0.524703 0.162764 0.036531 0.051065
0 0.475177 0.140583 0.033396 0.046907
0 0.505781 0.104890 0.022875 0.042054
