1 0.631432 0.106784 0.028490 0.055617
0 0.664505 0.143755 0.024635 0.048898
0 0.657422 0.230296 0.050156 0.084185
0 0.821406 0.387398 0.088958 0.116093
0 0.163094 0.912102 0.183500 0.179500
0 0.080865 0.773889 0.159646 0.266963
0 0.349641 0.456287 0.089927 0.147389
0 0.286193 0.384556 0.078823 0.120370
0 0.418646 0.270194 0.057187 0.087093
0 0.457250 0.704241 0.115667 0.246185
1 0.357536 0.237968 0.063615 0.126620
0 0.461339 0.193782 0.039635 0.067361
0 0.524495 0.164144 0.036115 0.051750
0 0.475083 0.142315 0.033208 0.047593
0 0.506073 0.105931 0.022688 0.041361
