1 0.630495 0.107905 0.030365 0.055617
0 0.664193 0.142634 0.024010 0.048898
0 0.657422 0.227491 0.048906 0.083056
0 0.816693 0.379565 0.087031 0.109389
0 0.154906 0.926315 0.178042 0.151074
0 0.074823 0.801250 0.147562 0.274537
0 0.346135 0.466685 0.091479 0.148778
0 0.282490 0.391481 0.079208 0.120370
0 0.416698 0.275731 0.057187 0.087093
0 0.453344 0.745481 0.121125 0.260704
1 0.354609 0.244204 0.064781 0.125222
0 0.460172 0.196894 0.039635 0.068028
0 0.524104 0.166926 0.035333 0.053148
0 0.474885 0.145778 0.032813 0.048981
0 0.506661 0.108006 0.022302 0.039969
