0 0.663724 0.116870 0.023073 0.047778
0 0.642917 0.179606 0.039479 0.070194
0 0.769896 0.285463 0.066562 0.098185
0 0.947188 0.860185 0.107708 0.258630
0 0.293698 0.587972 0.126583 0.193130
0 0.221188 0.484704 0.110208 0.141852
0 0.396427 0.324602 0.067708 0.101648
1 0.317870 0.289602 0.079010 0.160574
0 0.446917 0.228963 0.047833 0.073926
0 0.521776 0.198458 0.042385 0.069787
0 0.460172 0.164847 0.039240 0.058009
0 0.508891 0.122912 0.029094 0.043435
0 0.479859 0.104887 0.025594 0.046207
1 0.525870 0.092763 0.026385 0.049678
