0 0.663880 0.116026 0.023385 0.048337
0 0.642135 0.178477 0.039167 0.071306
0 0.768021 0.282667 0.065937 0.097074
0 0.944464 0.846056 0.113156 0.254889
0 0.290964 0.594907 0.128135 0.197296
0 0.218161 0.489213 0.111177 0.142537
0 0.395547 0.327028 0.068302 0.101648
1 0.316505 0.292889 0.079781 0.164370
0 0.446526 0.230343 0.047823 0.073241
0 0.521380 0.200014 0.042760 0.070120
0 0.459297 0.166574 0.040615 0.058000
0 0.509094 0.123255 0.029104 0.043435
0 0.479953 0.105929 0.026177 0.046902
1 0.525771 0.093625 0.026583 0.050713
