0 0.664036 0.115188 0.023698 0.048902
0 0.641354 0.177361 0.038854 0.072426
0 0.766094 0.279861 0.065313 0.095944
0 0.941745 0.831935 0.118594 0.251130
0 0.288240 0.601833 0.129688 0.201444
0 0.215141 0.493713 0.112156 0.143241
0 0.394667 0.329454 0.068875 0.101648
1 0.315141 0.296185 0.080573 0.168185
0 0.446135 0.231731 0.047833 0.072537
0 0.520984 0.201579 0.043135 0.070472
0 0.458417 0.168315 0.041979 0.058000
0 0.509292 0.123606 0.029125 0.043435
0 0.480052 0.106970 0.026771 0.047596
1 0.525672 0.094494 0.026781 0.051754
