0 0.640182 0.164310 0.035677 0.066898
0 0.757708 0.258602 0.062708 0.088426
0 0.919964 0.718944 0.162156 0.221111
0 0.260562 0.670796 0.146854 0.217407
0 0.186484 0.541880 0.121115 0.163352
0 0.383172 0.356139 0.072385 0.118981
1 0.299156 0.318361 0.086813 0.179278
0 0.440484 0.250093 0.050552 0.082926
0 0.520203 0.214403 0.043135 0.076713
0 0.453932 0.179398 0.038469 0.060759
0 0.509281 0.131574 0.029875 0.048296
0 0.476932 0.112168 0.028323 0.045517
1 0.523724 0.102116 0.029115 0.053139
0 0.452375 0.099344 0.025208 0.039276
