0 0.639609 0.163657 0.035990 0.065796
0 0.756328 0.256380 0.061302 0.088019
0 0.917875 0.707315 0.166333 0.217481
0 0.256661 0.680333 0.149573 0.219148
0 0.183557 0.548296 0.122677 0.163000
0 0.382099 0.359611 0.072969 0.118296
1 0.297016 0.321130 0.087594 0.178593
0 0.439411 0.252528 0.051927 0.082944
0 0.520115 0.216648 0.043729 0.077741
0 0.453151 0.181310 0.038469 0.061120
0 0.509573 0.132440 0.030854 0.048639
0 0.476542 0.113206 0.027938 0.045515
1 0.523318 0.103332 0.029094 0.052798
0 0.451984 0.100731 0.025594 0.039280
