0 0.638464 0.162361 0.036615 0.063611
0 0.753594 0.251917 0.058646 0.087204
0 0.903078 0.684056 0.153448 0.210185
0 0.248859 0.699389 0.155031 0.222593
0 0.177714 0.561111 0.125802 0.162296
0 0.379958 0.366537 0.074146 0.116889
1 0.292724 0.326676 0.089156 0.177204
0 0.437271 0.257370 0.054646 0.082963
0 0.519906 0.221148 0.044875 0.079815
0 0.451599 0.185116 0.038469 0.061806
0 0.510161 0.134171 0.032802 0.049324
0 0.475760 0.115287 0.027167 0.045519
1 0.522542 0.105756 0.029083 0.052100
0 0.451203 0.103501 0.026385 0.039276
