0 0.637917 0.158176 0.036875 0.063537
0 0.749661 0.244648 0.055677 0.084778
0 0.889531 0.649148 0.151417 0.199259
1 0.760182 0.886213 0.204115 0.231278
0 0.235995 0.729028 0.163219 0.245130
0 0.164260 0.583472 0.132812 0.178574
0 0.375182 0.375185 0.075885 0.115519
1 0.285708 0.336037 0.092667 0.182741
0 0.434828 0.263269 0.055615 0.087093
0 0.519620 0.226528 0.045865 0.080167
0 0.449255 0.188412 0.040031 0.063546
0 0.510661 0.136769 0.032635 0.048981
0 0.475177 0.117713 0.027167 0.046907
1 0.521563 0.108007 0.029479 0.052448
0 0.450229 0.105236 0.026375 0.039972
