0 0.637917 0.152870 0.036875 0.065056
0 0.745833 0.237056 0.053125 0.081741
0 0.875677 0.614500 0.148958 0.183370
1 0.750365 0.854352 0.201563 0.295000
0 0.222552 0.759176 0.171417 0.276315
0 0.148477 0.607380 0.141005 0.203537
0 0.369625 0.382991 0.077646 0.114463
1 0.278396 0.345917 0.096750 0.192093
0 0.432786 0.268463 0.055031 0.093333
0 0.519328 0.231213 0.046448 0.079130
0 0.446917 0.190486 0.042375 0.065620
0 0.510958 0.139370 0.030896 0.047944
0 0.474885 0.119787 0.027750 0.048981
1 0.520693 0.109569 0.030073 0.053491
0 0.449354 0.105755 0.025792 0.041009
