0 0.637917 0.151097 0.036875 0.065565
0 0.744557 0.234528 0.052240 0.080722
0 0.870833 0.603130 0.147813 0.174778
1 0.747109 0.843741 0.200677 0.316222
0 0.218068 0.769213 0.174135 0.286722
0 0.143208 0.615352 0.143729 0.211852
0 0.367776 0.385602 0.078240 0.114130
1 0.275958 0.349204 0.098125 0.195222
0 0.432099 0.270185 0.054844 0.095407
0 0.519229 0.232769 0.046646 0.078796
0 0.446135 0.191181 0.043146 0.066306
0 0.511052 0.140236 0.030292 0.047602
0 0.474786 0.120486 0.027948 0.049676
1 0.520396 0.110086 0.030250 0.053828
0 0.449057 0.105931 0.025594 0.041361
