0 0.636771 0.149074 0.035729 0.063537
0 0.742552 0.231491 0.052813 0.080722
0 0.860859 0.585426 0.143802 0.173778
1 0.736302 0.812972 0.191562 0.315352
0 0.205974 0.795898 0.179594 0.288759
0 0.133661 0.632685 0.148802 0.210481
0 0.365042 0.393917 0.079021 0.119685
1 0.271672 0.357870 0.098885 0.200074
0 0.431125 0.274704 0.055229 0.093333
0 0.518266 0.239352 0.046281 0.080852
0 0.444771 0.194301 0.043542 0.068398
0 0.510854 0.143704 0.030687 0.048981
0 0.474786 0.123602 0.028719 0.048981
1 0.520589 0.112514 0.029865 0.054528
0 0.448474 0.108007 0.026760 0.041356
