0 0.635052 0.146042 0.034063 0.060509
0 0.739583 0.226944 0.053646 0.080741
0 0.845938 0.558889 0.137813 0.172259
1 0.720078 0.770500 0.177969 0.321407
0 0.187854 0.835907 0.187792 0.291889
0 0.119331 0.658667 0.156400 0.208370
0 0.360948 0.406389 0.080188 0.128000
1 0.265240 0.370861 0.100062 0.207352
0 0.429667 0.281463 0.055813 0.090222
0 0.516797 0.249231 0.045677 0.083981
0 0.442719 0.198981 0.044125 0.071519
0 0.510563 0.148903 0.031271 0.051065
0 0.474786 0.128278 0.029885 0.047944
1 0.520880 0.116152 0.029281 0.055567
0 0.447594 0.111127 0.028521 0.041357
