0 0.634479 0.145032 0.033438 0.059491
0 0.738568 0.225426 0.053906 0.080741
0 0.840964 0.550037 0.135885 0.171741
1 0.714688 0.756333 0.173437 0.323444
0 0.181807 0.852324 0.190510 0.299056
0 0.114554 0.667333 0.158933 0.207704
0 0.359583 0.410537 0.080583 0.130778
1 0.263094 0.375204 0.100458 0.209778
0 0.429177 0.283713 0.056000 0.089167
0 0.516312 0.252528 0.045500 0.085019
0 0.442042 0.200537 0.044312 0.072556
0 0.510464 0.150634 0.031469 0.051750
0 0.474786 0.129843 0.030281 0.047593
1 0.520979 0.117367 0.029083 0.055915
0 0.447302 0.112166 0.029104 0.041354
0 0.462510 0.089297 0.022104 0.037202
