0 0.634193 0.144019 0.033490 0.058481
0 0.738307 0.223648 0.053385 0.078185
0 0.837839 0.542204 0.132969 0.171222
1 0.710990 0.737880 0.168854 0.316870
0 0.176938 0.859602 0.194417 0.284500
0 0.109296 0.675306 0.159721 0.211167
0 0.358516 0.414528 0.081948 0.131130
1 0.260562 0.378843 0.100458 0.210130
0 0.427714 0.286481 0.056990 0.091259
0 0.516302 0.254944 0.046250 0.087111
0 0.441359 0.202616 0.044906 0.072546
0 0.510646 0.151847 0.031833 0.052102
0 0.474495 0.130361 0.030469 0.047944
1 0.520901 0.117714 0.030490 0.056609
0 0.446625 0.112687 0.028521 0.043089
0 0.462219 0.089294 0.022688 0.036506
