0 0.633333 0.140981 0.033438 0.055444
0 0.737448 0.218343 0.051667 0.070611
0 0.828437 0.518685 0.124479 0.169741
1 0.699896 0.682509 0.155208 0.297130
0 0.961630 0.905611 0.078823 0.167778
0 0.162318 0.881426 0.206115 0.240852
0 0.087786 0.699222 0.173490 0.221556
0 0.355297 0.426481 0.086031 0.132148
1 0.252958 0.389750 0.100458 0.211167
0 0.423323 0.294796 0.059917 0.097481
0 0.516312 0.262222 0.048625 0.093333
0 0.439312 0.208856 0.046646 0.072546
0 0.511245 0.155486 0.033031 0.053139
0 0.473615 0.131917 0.031062 0.048981
1 0.520589 0.118751 0.034552 0.058683
0 0.444573 0.114245 0.026771 0.048287
0 0.461344 0.089295 0.024438 0.034428
