0 0.632057 0.136435 0.037760 0.058481
0 0.733307 0.207222 0.051927 0.075667
0 0.806562 0.468889 0.107396 0.145963
1 0.680417 0.578602 0.127604 0.251130
0 0.939078 0.822648 0.123927 0.250741
0 0.126742 0.935843 0.191495 0.132019
0 0.068297 0.782741 0.134510 0.263148
0 0.343401 0.459583 0.092656 0.144981
1 0.229370 0.421287 0.114094 0.225722
0 0.417969 0.314204 0.060896 0.101667
0 0.514849 0.279204 0.051135 0.097519
0 0.432583 0.219935 0.044896 0.069093
0 0.512104 0.161380 0.034750 0.053833
0 0.472547 0.136421 0.030469 0.049676
1 0.519906 0.122044 0.034354 0.061802
0 0.441260 0.116155 0.025604 0.050024
0 0.459786 0.091025 0.023656 0.039969
