0 0.631901 0.135931 0.038594 0.059491
0 0.732604 0.205704 0.052188 0.077704
0 0.803411 0.462056 0.105156 0.141407
1 0.677995 0.565204 0.123906 0.244556
0 0.935854 0.810796 0.130375 0.262593
0 0.121572 0.943815 0.187002 0.116074
0 0.065370 0.796259 0.128656 0.270074
0 0.341453 0.464611 0.093448 0.147407
1 0.225667 0.426139 0.116833 0.228500
0 0.417479 0.316981 0.060687 0.101667
0 0.514547 0.281639 0.051323 0.097500
0 0.431510 0.221333 0.044312 0.068370
0 0.512208 0.162074 0.034958 0.053852
0 0.472453 0.137116 0.030281 0.049676
1 0.519823 0.122564 0.033792 0.062150
0 0.440865 0.116328 0.025604 0.049678
0 0.459589 0.091376 0.023260 0.041359
