0 0.631641 0.133907 0.037448 0.060500
0 0.732604 0.203426 0.050521 0.077185
0 0.800286 0.456500 0.104531 0.140407
1 0.675573 0.554074 0.121354 0.240519
0 0.932630 0.798944 0.136823 0.274444
0 0.061859 0.805769 0.121635 0.266241
0 0.339406 0.468944 0.094417 0.147741
1 0.222354 0.431157 0.118396 0.232315
0 0.416698 0.319583 0.061083 0.103389
0 0.514354 0.284065 0.051708 0.097500
0 0.430734 0.223231 0.045094 0.069426
0 0.512115 0.162759 0.035146 0.055222
0 0.472057 0.137986 0.030281 0.050028
1 0.519818 0.122910 0.033385 0.061457
0 0.440573 0.117019 0.026187 0.050370
0 0.459099 0.091547 0.024240 0.041702
