0 0.631354 0.131884 0.036354 0.061509
0 0.732604 0.201157 0.048854 0.076685
0 0.797161 0.450926 0.104010 0.139370
1 0.673151 0.542954 0.118802 0.236463
0 0.929411 0.787093 0.143260 0.286296
0 0.058354 0.815324 0.114625 0.262500
0 0.337359 0.473269 0.095385 0.148093
1 0.219042 0.436185 0.119958 0.236111
0 0.415922 0.322167 0.061469 0.105111
0 0.514156 0.286491 0.052104 0.097500
0 0.429958 0.225139 0.045875 0.070463
0 0.512016 0.163454 0.035344 0.056611
0 0.471672 0.138852 0.030281 0.050370
1 0.519807 0.123255 0.032990 0.060769
0 0.440281 0.117711 0.026771 0.051059
0 0.458615 0.091723 0.025208 0.042054
