0 0.630495 0.125815 0.032865 0.064556
0 0.732604 0.194324 0.043750 0.075167
0 0.787760 0.434250 0.102292 0.136352
1 0.665911 0.509593 0.111094 0.224333
0 0.914969 0.745315 0.144375 0.277407
0 0.047826 0.843917 0.093568 0.251056
0 0.331229 0.486269 0.098312 0.149130
1 0.209099 0.451259 0.124635 0.247556
0 0.413583 0.329972 0.062646 0.110315
0 0.513573 0.293769 0.053271 0.097500
0 0.427615 0.230861 0.048208 0.073574
0 0.511724 0.165537 0.035927 0.060778
0 0.470495 0.141454 0.030281 0.051407
1 0.519818 0.124296 0.031823 0.058685
0 0.439406 0.119792 0.028521 0.053139
0 0.457151 0.092242 0.028135 0.043091
