0 0.630208 0.123794 0.031771 0.065561
0 0.732604 0.192046 0.041979 0.074648
0 0.784661 0.428685 0.101719 0.135333
1 0.663490 0.498454 0.108542 0.220278
0 0.911635 0.731389 0.147708 0.274444
0 0.044318 0.853435 0.086552 0.247204
0 0.329177 0.490593 0.099292 0.149481
1 0.205786 0.456287 0.126198 0.251352
0 0.412807 0.332574 0.063031 0.112037
0 0.513380 0.296185 0.053656 0.097481
0 0.426839 0.232769 0.048990 0.074611
0 0.511625 0.166231 0.036125 0.062167
0 0.470109 0.142315 0.030281 0.051759
1 0.519807 0.124644 0.031427 0.057991
0 0.439115 0.120481 0.029104 0.053833
0 0.456661 0.092413 0.029115 0.043433
