0 0.630339 0.122528 0.032031 0.065056
0 0.732448 0.191296 0.042292 0.073148
0 0.782370 0.422870 0.100573 0.133815
1 0.661354 0.488852 0.107083 0.215222
0 0.908302 0.717463 0.151042 0.271481
0 0.327229 0.495444 0.100854 0.152926
1 0.201990 0.462176 0.128333 0.254130
0 0.411635 0.334657 0.063417 0.112056
0 0.513083 0.299130 0.054250 0.098519
0 0.425672 0.234157 0.049385 0.076019
0 0.511833 0.166755 0.036542 0.061120
0 0.469818 0.142315 0.030865 0.051759
1 0.519427 0.124815 0.032604 0.059037
0 0.438922 0.120829 0.029115 0.053139
0 0.456375 0.092414 0.028917 0.042746
