0 0.630781 0.118738 0.032917 0.063543
0 0.732031 0.189019 0.043125 0.068593
0 0.775547 0.405435 0.097135 0.129278
1 0.654974 0.460046 0.102865 0.200056
0 0.898302 0.675685 0.161042 0.262593
0 0.321380 0.510009 0.105531 0.163352
1 0.190583 0.479852 0.134771 0.262444
0 0.408125 0.340889 0.064583 0.112074
0 0.512208 0.307963 0.056000 0.101667
0 0.422161 0.238315 0.050552 0.080185
0 0.512406 0.168315 0.037687 0.058000
0 0.468938 0.142315 0.032625 0.051759
1 0.518250 0.125333 0.036104 0.062148
0 0.438339 0.121870 0.029115 0.051056
0 0.455495 0.092416 0.028323 0.040669
