0 0.631068 0.116209 0.033490 0.062526
0 0.731745 0.187500 0.043698 0.065556
0 0.770990 0.393806 0.094896 0.126241
1 0.650677 0.440824 0.100000 0.189944
0 0.891635 0.647833 0.167708 0.256667
0 0.317479 0.519704 0.108646 0.170296
1 0.182979 0.491639 0.139063 0.267981
0 0.405786 0.345046 0.065365 0.112056
0 0.511625 0.313852 0.057167 0.103741
0 0.419818 0.241083 0.051344 0.082944
0 0.512797 0.169352 0.038469 0.055926
0 0.468354 0.142315 0.033792 0.051759
1 0.517484 0.125681 0.038469 0.064231
0 0.437943 0.122560 0.029115 0.049676
0 0.454911 0.092415 0.027948 0.039281
