0 0.630208 0.110142 0.033438 0.059494
0 0.732187 0.180681 0.044583 0.064046
0 0.763750 0.378620 0.090625 0.123204
1 0.645990 0.417306 0.094062 0.182352
0 0.877214 0.618296 0.158906 0.238481
0 0.307833 0.539454 0.112729 0.176500
1 0.167776 0.513991 0.144906 0.285685
0 0.402865 0.352843 0.067708 0.115167
0 0.509583 0.325296 0.060104 0.107889
0 0.416016 0.244722 0.051927 0.081889
0 0.511349 0.173505 0.039073 0.057991
0 0.466313 0.145958 0.033208 0.056954
1 0.518359 0.127764 0.036719 0.064231
0 0.435901 0.122042 0.028531 0.048639
0 0.454031 0.093453 0.026187 0.039280
