0 0.629922 0.108119 0.033490 0.058483
0 0.732318 0.178398 0.044844 0.063537
0 0.761328 0.373574 0.089219 0.122185
1 0.644427 0.409472 0.092083 0.179833
0 0.872526 0.607676 0.156927 0.232426
0 0.304615 0.546046 0.114104 0.178574
1 0.162708 0.521435 0.146854 0.291574
0 0.401891 0.355444 0.068490 0.116222
0 0.508896 0.329102 0.061062 0.109278
0 0.414750 0.245935 0.052125 0.081537
0 0.510849 0.174894 0.039240 0.058694
0 0.465630 0.147167 0.033010 0.058685
1 0.518651 0.128458 0.036135 0.064231
0 0.435219 0.121870 0.028333 0.048296
0 0.453740 0.093798 0.025604 0.039274
