0 0.629219 0.103315 0.033229 0.056963
0 0.732318 0.172588 0.046510 0.064046
0 0.754792 0.359426 0.085833 0.118148
1 0.640026 0.387981 0.087240 0.173259
0 0.858750 0.576583 0.150938 0.218759
0 0.295651 0.566667 0.118385 0.185852
1 0.147208 0.544139 0.152896 0.308537
0 0.398865 0.364111 0.070250 0.120370
0 0.506854 0.340713 0.064000 0.113796
0 0.411339 0.250954 0.053094 0.081204
0 0.509865 0.178356 0.039229 0.060769
0 0.463781 0.149940 0.033208 0.062843
1 0.518844 0.130708 0.035333 0.065269
0 0.433464 0.122046 0.028344 0.047944
0 0.452667 0.094321 0.024625 0.040320
