0 0.628776 0.101039 0.032344 0.058478
0 0.731484 0.168796 0.049948 0.068593
0 0.749661 0.347278 0.084115 0.112074
1 0.636198 0.370537 0.084687 0.168704
0 0.845495 0.547000 0.144948 0.214222
0 0.288047 0.589019 0.123073 0.195222
1 0.131122 0.567519 0.159319 0.324148
0 0.395646 0.374491 0.070833 0.126611
0 0.504812 0.352676 0.066938 0.118981
0 0.408714 0.258759 0.054844 0.082259
0 0.509870 0.180444 0.038073 0.062852
0 0.462313 0.150981 0.034958 0.064926
1 0.517677 0.133306 0.036521 0.068389
0 0.432297 0.123602 0.029510 0.048981
0 0.451208 0.093800 0.025208 0.043437
