0 0.628646 0.100282 0.032083 0.058991
0 0.731172 0.167532 0.051094 0.070120
0 0.747969 0.343231 0.083542 0.110056
1 0.634922 0.364722 0.083802 0.167185
0 0.841120 0.537148 0.142969 0.212704
0 0.285510 0.596463 0.124625 0.198333
1 0.125765 0.575333 0.161471 0.329333
0 0.394573 0.377963 0.071021 0.128704
0 0.504125 0.356657 0.067896 0.120722
0 0.407833 0.261361 0.055438 0.082611
0 0.509865 0.181134 0.037667 0.063546
0 0.461828 0.151329 0.035552 0.065620
1 0.517281 0.134176 0.036896 0.069426
0 0.431906 0.124125 0.029896 0.049324
0 0.450714 0.093625 0.025406 0.044472
