0 0.628490 0.099522 0.031771 0.059493
0 0.730911 0.166273 0.052240 0.071639
0 0.746250 0.339194 0.082917 0.108019
1 0.633620 0.358907 0.082969 0.165667
0 0.836693 0.527287 0.140990 0.211167
0 0.282979 0.603917 0.126188 0.201463
1 0.120408 0.583120 0.163622 0.334537
0 0.393500 0.381426 0.071208 0.130778
0 0.503437 0.360648 0.068854 0.122444
0 0.406953 0.263954 0.056010 0.082944
0 0.509885 0.181824 0.037312 0.064241
0 0.461344 0.151671 0.036125 0.066306
1 0.516885 0.135037 0.037271 0.070463
0 0.431516 0.124644 0.030281 0.049676
0 0.450229 0.093455 0.025604 0.045517
1 0.524484 0.082018 0.022073 0.047594
