0 0.628203 0.098512 0.031198 0.059494
0 0.732891 0.165259 0.052760 0.071630
0 0.742266 0.331602 0.080677 0.104981
1 0.631354 0.346778 0.079583 0.161630
0 0.829010 0.514139 0.135833 0.203093
0 0.276151 0.623667 0.131260 0.207704
1 0.111239 0.601833 0.166335 0.344259
0 0.390771 0.388370 0.073563 0.130778
0 0.502656 0.372417 0.070417 0.127981
0 0.403839 0.269491 0.057573 0.087093
0 0.509104 0.186333 0.038875 0.067704
0 0.460562 0.156181 0.036917 0.067009
1 0.516687 0.137815 0.037667 0.071852
0 0.430542 0.127412 0.029896 0.049676
0 0.449448 0.094842 0.025604 0.045520
1 0.524094 0.084442 0.021292 0.048283
