0 0.628073 0.098005 0.030937 0.059491
0 0.733880 0.164755 0.053073 0.071639
0 0.740286 0.327815 0.079531 0.103481
1 0.630208 0.340694 0.077813 0.159611
0 0.825182 0.507556 0.133281 0.199037
0 0.272750 0.633546 0.133792 0.210833
1 0.106664 0.611194 0.167714 0.349093
0 0.389406 0.391833 0.074729 0.130778
0 0.502266 0.378315 0.071198 0.130778
0 0.402276 0.272259 0.058344 0.089185
0 0.508714 0.188583 0.039656 0.069426
0 0.460172 0.158435 0.037302 0.067352
1 0.516594 0.139199 0.037854 0.072546
0 0.430057 0.128801 0.029698 0.049676
0 0.449057 0.095531 0.025594 0.045513
1 0.523911 0.085656 0.020927 0.048633
