0 0.627786 0.096490 0.030365 0.058483
0 0.738568 0.162472 0.053385 0.071130
0 0.733021 0.313157 0.074688 0.097426
1 0.625964 0.318963 0.072135 0.151519
0 0.810391 0.482028 0.123594 0.184389
0 0.258609 0.673917 0.144510 0.222944
1 0.086521 0.650176 0.170958 0.364685
0 0.383854 0.405519 0.078042 0.131111
0 0.501109 0.402750 0.072781 0.138056
0 0.396036 0.283537 0.061073 0.095778
0 0.507526 0.197935 0.042344 0.074278
0 0.458422 0.166579 0.038469 0.066324
1 0.516203 0.144398 0.038635 0.074630
0 0.428401 0.134000 0.030281 0.051056
0 0.447500 0.098827 0.026375 0.045865
1 0.523432 0.089988 0.020740 0.049672
