0 0.627917 0.096488 0.030625 0.057469
0 0.740260 0.161713 0.052813 0.070611
0 0.731745 0.309870 0.073281 0.095889
1 0.625104 0.315426 0.071563 0.149481
0 0.807109 0.476222 0.121615 0.181852
0 0.254708 0.684657 0.147625 0.225722
1 0.083109 0.661102 0.164135 0.365722
0 0.382391 0.408806 0.077844 0.131463
0 0.501099 0.409509 0.071969 0.137019
0 0.394474 0.286481 0.061469 0.096111
0 0.507531 0.200532 0.042750 0.073935
0 0.457833 0.167958 0.038458 0.064231
1 0.516104 0.145435 0.038833 0.074630
0 0.428203 0.135037 0.031448 0.052444
0 0.447109 0.100036 0.027156 0.046206
1 0.523526 0.090681 0.021698 0.049674
