0 0.628073 0.096491 0.030937 0.056463
0 0.742005 0.160958 0.052240 0.070120
0 0.730469 0.306583 0.071875 0.094389
1 0.624245 0.311889 0.070990 0.147481
0 0.803828 0.470407 0.119635 0.179333
0 0.250812 0.695398 0.150750 0.228500
1 0.079698 0.672009 0.157313 0.366759
0 0.380927 0.412102 0.077646 0.131833
0 0.501109 0.416259 0.071219 0.135963
0 0.392917 0.289435 0.061854 0.096463
0 0.507536 0.203134 0.043156 0.073583
0 0.457245 0.169347 0.038469 0.062157
1 0.516005 0.146472 0.039031 0.074630
0 0.428010 0.136079 0.032625 0.053843
0 0.446719 0.101250 0.027938 0.046556
1 0.523615 0.091375 0.022667 0.049676
