0 0.628203 0.096489 0.031198 0.055448
0 0.743698 0.160199 0.051667 0.069602
0 0.729193 0.303296 0.070469 0.092852
1 0.623385 0.308352 0.070417 0.145444
0 0.800599 0.464583 0.117656 0.176796
0 0.246911 0.706148 0.153865 0.231259
1 0.076286 0.682935 0.150490 0.367796
0 0.379469 0.415398 0.077458 0.132167
0 0.501094 0.423019 0.070417 0.134926
0 0.391354 0.292380 0.062250 0.096796
0 0.507547 0.205731 0.043552 0.073241
0 0.456661 0.170736 0.038469 0.060083
1 0.515906 0.147514 0.039229 0.074620
0 0.427813 0.137120 0.033792 0.055222
0 0.446328 0.102464 0.028719 0.046906
1 0.523708 0.092069 0.023625 0.049678
