0 0.628359 0.096487 0.031510 0.054433
0 0.745391 0.159444 0.051094 0.069111
0 0.727891 0.300000 0.069010 0.091333
1 0.622526 0.304806 0.069844 0.143426
0 0.797318 0.458778 0.115677 0.174259
0 0.243016 0.716889 0.156990 0.234037
1 0.072875 0.693843 0.143667 0.368833
0 0.378005 0.418694 0.077260 0.132500
0 0.501109 0.429778 0.069656 0.133889
0 0.389797 0.295315 0.062635 0.097148
0 0.507526 0.208333 0.043906 0.072889
0 0.456078 0.172116 0.038469 0.057991
1 0.515813 0.148556 0.039417 0.074630
0 0.427615 0.138157 0.034958 0.056611
0 0.445938 0.103679 0.029500 0.047254
1 0.523823 0.092763 0.024646 0.049678
