0 0.628490 0.096490 0.031771 0.053428
0 0.747109 0.158681 0.050573 0.068602
0 0.726615 0.296713 0.067604 0.089833
1 0.621693 0.301278 0.069323 0.141407
0 0.794036 0.452944 0.113698 0.171741
0 0.782943 0.907454 0.180260 0.188796
0 0.239115 0.727630 0.160104 0.236815
1 0.069464 0.704759 0.136844 0.369889
0 0.376547 0.421981 0.077073 0.132852
0 0.501094 0.436537 0.068854 0.132852
0 0.388234 0.298259 0.063031 0.097481
0 0.507531 0.210931 0.044312 0.072546
0 0.455495 0.173505 0.038469 0.055917
1 0.515714 0.149593 0.039615 0.074630
0 0.427422 0.139199 0.036135 0.057991
0 0.445547 0.104888 0.030281 0.047594
1 0.523917 0.093452 0.025604 0.049670
