0 0.747526 0.160194 0.050781 0.066574
0 0.725208 0.294694 0.067604 0.090833
1 0.620677 0.298741 0.068437 0.139370
0 0.791198 0.447398 0.112500 0.170722
0 0.777969 0.890583 0.179375 0.199574
0 0.234833 0.741148 0.161271 0.243741
1 0.066344 0.717407 0.130604 0.378556
0 0.374984 0.428389 0.079010 0.135963
0 0.499839 0.445713 0.072198 0.138722
0 0.387167 0.302250 0.064000 0.098537
0 0.507437 0.213361 0.044500 0.073241
0 0.455005 0.175931 0.039052 0.057991
1 0.515437 0.152023 0.039854 0.075324
0 0.426547 0.140931 0.035552 0.056602
0 0.445062 0.106794 0.030479 0.048633
1 0.523818 0.095186 0.025802 0.050369
