0 0.747943 0.161722 0.051094 0.064556
0 0.723802 0.292676 0.067604 0.091870
1 0.619688 0.296204 0.067604 0.137370
0 0.788359 0.441833 0.111406 0.169741
0 0.772995 0.877694 0.178490 0.218315
0 0.230542 0.754657 0.162437 0.250685
1 0.063224 0.730065 0.124365 0.387204
0 0.373427 0.434806 0.080958 0.139093
0 0.498557 0.454898 0.075490 0.144611
0 0.386094 0.306231 0.064979 0.099574
0 0.507339 0.215787 0.044698 0.073944
0 0.454521 0.178356 0.039646 0.060065
1 0.515141 0.154449 0.040031 0.076028
0 0.425667 0.142662 0.034958 0.055213
0 0.444573 0.108700 0.030667 0.049674
1 0.523719 0.096921 0.026000 0.051065
