0 0.748385 0.163236 0.051354 0.062528
0 0.722344 0.290657 0.067604 0.092870
1 0.618698 0.293685 0.066771 0.135333
0 0.785495 0.436269 0.110260 0.168685
0 0.767995 0.864778 0.177656 0.236926
0 0.226250 0.768176 0.163625 0.257611
1 0.060109 0.742713 0.118135 0.395870
0 0.371865 0.441213 0.082917 0.142204
0 0.497307 0.464093 0.078823 0.150519
0 0.385021 0.310222 0.065958 0.100630
0 0.507240 0.218208 0.044896 0.074620
0 0.454031 0.180787 0.040229 0.062167
1 0.514839 0.156870 0.040219 0.076704
0 0.424792 0.144398 0.034375 0.053833
0 0.444089 0.110606 0.030865 0.050713
1 0.523625 0.098651 0.026187 0.051754
