0 0.749661 0.167787 0.052240 0.056463
0 0.718099 0.284583 0.067552 0.095907
1 0.615703 0.286102 0.064219 0.129278
0 0.776979 0.419593 0.106875 0.165667
0 0.753073 0.826120 0.175104 0.293130
0 0.213385 0.808750 0.167125 0.278426
1 0.050750 0.785787 0.099417 0.432130
0 0.367188 0.460444 0.088771 0.151556
0 0.493495 0.491630 0.088740 0.168185
0 0.381812 0.322176 0.068875 0.103722
0 0.506948 0.225491 0.045479 0.076685
0 0.452573 0.188065 0.041979 0.068389
1 0.513969 0.164148 0.040813 0.078778
0 0.422161 0.149597 0.032615 0.049676
0 0.442625 0.116325 0.031458 0.053831
1 0.523333 0.103851 0.026771 0.053835
