0 0.751224 0.165255 0.052552 0.058491
0 0.717109 0.282056 0.067865 0.095889
1 0.614714 0.282815 0.064427 0.128778
0 0.774688 0.414778 0.105729 0.163148
0 0.749245 0.806407 0.168594 0.282000
0 0.208026 0.818769 0.171219 0.275611
0 0.365526 0.464611 0.089740 0.152259
0 0.492323 0.500130 0.089521 0.171296
0 0.379760 0.324944 0.069854 0.104407
0 0.506745 0.227046 0.045469 0.077056
0 0.451594 0.189278 0.042375 0.068741
1 0.513974 0.164847 0.041219 0.078787
0 0.421771 0.150287 0.032625 0.051759
0 0.442135 0.116327 0.031250 0.053143
1 0.523229 0.104197 0.026562 0.053143
