0 0.754349 0.160199 0.053073 0.062528
0 0.715104 0.277000 0.068437 0.095889
1 0.612734 0.276241 0.065052 0.127741
0 0.770156 0.405176 0.103438 0.158093
0 0.741563 0.766935 0.155521 0.259722
0 0.197302 0.838861 0.179396 0.270056
0 0.362219 0.472926 0.091687 0.153630
0 0.489984 0.517111 0.091073 0.177556
0 0.375672 0.330500 0.071802 0.105815
0 0.506370 0.230167 0.045490 0.077741
0 0.449641 0.191704 0.043156 0.069444
1 0.513964 0.166231 0.041969 0.078796
0 0.420990 0.151671 0.032625 0.055917
0 0.441161 0.116326 0.030865 0.051756
1 0.523047 0.104890 0.026198 0.051757
