0 0.757500 0.155139 0.053646 0.066574
0 0.713099 0.271944 0.069010 0.095889
1 0.610729 0.269667 0.065625 0.126741
0 0.765599 0.395574 0.101198 0.153037
0 0.733906 0.727519 0.142396 0.237481
0 0.186586 0.864278 0.187599 0.275148
0 0.358901 0.481241 0.093635 0.155037
0 0.487672 0.534093 0.092677 0.183778
0 0.371573 0.336037 0.073750 0.107222
0 0.505964 0.233287 0.045469 0.078426
0 0.447693 0.194125 0.043927 0.070120
1 0.513979 0.167620 0.042771 0.078796
0 0.420214 0.153060 0.032615 0.060065
0 0.440188 0.116326 0.030479 0.050367
1 0.522839 0.105583 0.025781 0.050370
