0 0.759062 0.152611 0.053958 0.068593
0 0.712135 0.269417 0.069271 0.095907
1 0.609714 0.266380 0.065885 0.126241
0 0.763333 0.390769 0.100000 0.150500
0 0.730052 0.707787 0.135833 0.226352
0 0.181221 0.870000 0.191682 0.263704
0 0.357250 0.485398 0.094604 0.155722
0 0.486500 0.542574 0.093458 0.186889
0 0.369531 0.338806 0.074729 0.107907
0 0.505792 0.234852 0.045500 0.078778
0 0.446724 0.195338 0.044323 0.070472
1 0.513958 0.168310 0.043125 0.078787
0 0.419823 0.153750 0.032625 0.062148
0 0.439703 0.116328 0.030281 0.049678
1 0.522734 0.105930 0.025573 0.049678
