0 0.709870 0.265370 0.065885 0.091852
1 0.610312 0.261324 0.063646 0.120167
0 0.759635 0.383694 0.097187 0.146463
0 0.723490 0.680491 0.131875 0.216241
0 0.171086 0.881778 0.197141 0.240148
0 0.354521 0.496491 0.094604 0.159870
0 0.484734 0.568565 0.097719 0.191759
0 0.366995 0.347472 0.075115 0.111352
0 0.505599 0.241083 0.045885 0.080167
0 0.445161 0.199843 0.044323 0.071167
1 0.513969 0.172463 0.043937 0.081556
0 0.418260 0.157565 0.033396 0.061463
0 0.439307 0.120139 0.030281 0.050370
1 0.522943 0.109394 0.025990 0.051063
