0 0.708698 0.263343 0.064167 0.089833
1 0.610599 0.258806 0.062448 0.117130
0 0.757760 0.380148 0.095729 0.144444
0 0.720234 0.666833 0.129844 0.211185
0 0.166021 0.887676 0.199875 0.228352
0 0.353156 0.502028 0.094604 0.161944
0 0.483859 0.581574 0.099885 0.194185
0 0.365724 0.351806 0.075323 0.113093
0 0.505500 0.244204 0.046083 0.080852
0 0.444380 0.202097 0.044323 0.071509
1 0.513979 0.174546 0.044333 0.082944
0 0.417479 0.159468 0.033792 0.061102
0 0.439120 0.122042 0.030281 0.050713
1 0.523047 0.111125 0.026198 0.051750
