0 0.707578 0.261324 0.062448 0.087796
1 0.610885 0.256269 0.061354 0.114093
0 0.755911 0.376602 0.094323 0.142426
0 0.716953 0.653185 0.127865 0.206111
0 0.952188 0.877963 0.097708 0.215185
0 0.160951 0.893565 0.202599 0.216574
0 0.351792 0.507574 0.094604 0.164037
0 0.482990 0.594556 0.102042 0.196593
0 0.364458 0.356139 0.075521 0.114833
0 0.505401 0.247315 0.046281 0.081556
0 0.443599 0.204347 0.044323 0.071861
1 0.513958 0.176630 0.044687 0.084333
0 0.416703 0.161375 0.034177 0.060769
0 0.438922 0.123949 0.030281 0.051065
1 0.523125 0.112859 0.026354 0.052448
