0 0.698906 0.249694 0.057604 0.083759
1 0.607891 0.238569 0.057656 0.113083
0 0.741563 0.356889 0.090104 0.143407
0 0.701172 0.566472 0.111094 0.178315
0 0.932354 0.786704 0.137375 0.223481
0 0.335901 0.555917 0.107281 0.173389
0 0.471474 0.701120 0.117990 0.241315
0 0.350714 0.392528 0.082719 0.128685
0 0.502771 0.271759 0.051542 0.084667
0 0.437167 0.226176 0.048208 0.072537
1 0.512990 0.197250 0.045479 0.092315
0 0.413193 0.176449 0.038865 0.061806
0 0.435604 0.135560 0.032229 0.050028
1 0.521865 0.124125 0.027729 0.052102
