0 0.697630 0.248176 0.057344 0.083759
1 0.607161 0.236042 0.057344 0.114102
0 0.739427 0.354352 0.089792 0.144444
0 0.699323 0.554593 0.108542 0.174778
0 0.929521 0.773667 0.143042 0.224667
0 0.333271 0.563380 0.109813 0.174426
0 0.469521 0.717241 0.120333 0.249296
0 0.348474 0.398065 0.084073 0.130759
0 0.502281 0.275389 0.052521 0.085000
0 0.436193 0.229648 0.048990 0.072556
1 0.512786 0.200537 0.045469 0.093333
0 0.412802 0.178704 0.039646 0.062148
0 0.435021 0.137116 0.032625 0.049676
1 0.521563 0.125681 0.027917 0.051750
0 0.500521 0.098652 0.025604 0.035122
0 0.456661 0.093452 0.022094 0.041356
