0 0.696328 0.239083 0.056510 0.077685
1 0.605052 0.229218 0.054792 0.106528
0 0.734740 0.342222 0.085521 0.135333
0 0.692917 0.526519 0.104271 0.164148
0 0.921813 0.736102 0.158458 0.226574
0 0.325964 0.585204 0.115073 0.189000
0 0.461036 0.781694 0.132615 0.274241
0 0.342333 0.409500 0.085833 0.130778
0 0.501677 0.283194 0.052479 0.088130
0 0.432974 0.233815 0.049573 0.074630
1 0.511625 0.204694 0.046646 0.097500
0 0.409875 0.181306 0.039646 0.063204
0 0.433563 0.137120 0.034375 0.047593
1 0.520687 0.128282 0.029667 0.054880
0 0.498771 0.098651 0.024438 0.037198
0 0.456078 0.094494 0.024427 0.041363
