0 0.695911 0.236046 0.056198 0.075685
1 0.604323 0.226944 0.053958 0.104000
0 0.733177 0.338185 0.084062 0.132296
0 0.690807 0.517176 0.102865 0.160611
0 0.912990 0.724630 0.148979 0.226111
0 0.323526 0.592472 0.116823 0.193833
0 0.458214 0.803176 0.136698 0.282537
0 0.340286 0.413315 0.086427 0.130778
0 0.501505 0.285796 0.052510 0.089185
0 0.431906 0.235194 0.049771 0.075315
1 0.511229 0.206079 0.047021 0.098880
0 0.408901 0.182171 0.039635 0.063546
0 0.433073 0.137120 0.034958 0.046907
1 0.520396 0.129148 0.030250 0.055907
0 0.498182 0.098654 0.024052 0.037896
0 0.455885 0.094840 0.025208 0.041357
