0 0.695469 0.233009 0.055938 0.073648
1 0.603620 0.224671 0.053073 0.101472
0 0.731589 0.334139 0.082656 0.129278
0 0.688646 0.507815 0.101458 0.157074
0 0.908667 0.713139 0.148500 0.225648
0 0.321089 0.599750 0.118594 0.198685
0 0.455385 0.824667 0.140792 0.290852
0 0.338240 0.417130 0.087021 0.130778
0 0.501302 0.288389 0.052500 0.090222
0 0.430833 0.236583 0.049958 0.076019
1 0.510859 0.207463 0.047448 0.100259
0 0.407922 0.183037 0.039635 0.063889
0 0.432589 0.137116 0.035552 0.046213
1 0.520099 0.130014 0.030844 0.056954
0 0.497599 0.098652 0.023656 0.038585
0 0.455688 0.095184 0.026000 0.041354
