0 0.695052 0.229981 0.055625 0.071630
1 0.602891 0.222389 0.052240 0.098926
0 0.730052 0.330083 0.081250 0.126241
0 0.686536 0.498472 0.100052 0.153537
0 0.904349 0.701657 0.148010 0.225167
0 0.318651 0.607037 0.120344 0.203556
0 0.452557 0.849204 0.144885 0.305296
0 0.336193 0.420944 0.087594 0.130778
0 0.501099 0.290981 0.052490 0.091259
0 0.429760 0.237963 0.050167 0.076704
1 0.510464 0.208856 0.047823 0.101657
0 0.406953 0.183903 0.039635 0.064231
0 0.432104 0.137120 0.036125 0.045519
1 0.519807 0.130884 0.031427 0.057991
0 0.497010 0.098649 0.023271 0.039276
0 0.455495 0.095533 0.026781 0.041359
