0 0.694062 0.228463 0.054792 0.071630
1 0.602760 0.219856 0.051354 0.097917
0 0.728359 0.325537 0.080677 0.125222
0 0.685547 0.491630 0.097448 0.154037
0 0.900026 0.690167 0.147531 0.224704
0 0.316016 0.614315 0.122094 0.206333
0 0.450531 0.860472 0.147063 0.282759
0 0.333948 0.424935 0.088958 0.132500
0 0.500823 0.293935 0.053875 0.092981
0 0.428786 0.239694 0.050552 0.078093
1 0.509781 0.209194 0.049188 0.101648
0 0.405781 0.185116 0.040417 0.063880
0 0.431224 0.137986 0.036323 0.047250
1 0.519911 0.131745 0.031635 0.058343
0 0.496818 0.099344 0.024448 0.040665
0 0.455104 0.095705 0.026771 0.041702
