0 0.688385 0.218847 0.051354 0.072639
1 0.601771 0.205708 0.047708 0.093880
0 0.718802 0.301269 0.076979 0.120167
0 0.679427 0.451194 0.084062 0.152019
0 0.873958 0.625880 0.143854 0.215204
0 0.299745 0.660759 0.133198 0.222259
0 0.320797 0.450046 0.095781 0.143241
0 0.498771 0.312120 0.060687 0.102352
0 0.422943 0.251824 0.053677 0.087796
1 0.506469 0.214051 0.055813 0.103046
0 0.398865 0.193602 0.044125 0.063537
0 0.425865 0.143356 0.037687 0.055917
1 0.520005 0.137463 0.032594 0.060759
0 0.495260 0.103852 0.029896 0.046907
0 0.452958 0.096919 0.026771 0.043439
