0 0.687682 0.216824 0.052240 0.073648
1 0.601484 0.204185 0.048281 0.094889
0 0.717812 0.299750 0.076146 0.120167
0 0.678281 0.444870 0.083542 0.147481
0 0.869401 0.615269 0.141510 0.207130
0 0.296620 0.670796 0.135552 0.224333
0 0.318849 0.455250 0.095781 0.145315
0 0.498193 0.315593 0.060698 0.103037
0 0.421964 0.255296 0.054844 0.090556
1 0.506563 0.217171 0.055625 0.104435
0 0.397792 0.196032 0.043917 0.064935
0 0.424891 0.144394 0.038073 0.055917
1 0.519625 0.138852 0.032625 0.061463
0 0.494677 0.104887 0.029500 0.046207
0 0.452766 0.097264 0.026781 0.043435
