0 0.686250 0.212787 0.053958 0.075685
1 0.600911 0.201153 0.049427 0.096917
0 0.715807 0.296713 0.074427 0.120167
0 0.675990 0.432222 0.082396 0.138370
0 0.860312 0.594019 0.136979 0.190963
0 0.290380 0.690898 0.140219 0.228500
0 0.314948 0.465648 0.095771 0.149481
0 0.497005 0.322519 0.060677 0.104407
0 0.420010 0.262222 0.057187 0.096111
1 0.506760 0.223412 0.055229 0.107213
0 0.395651 0.200889 0.043531 0.067704
0 0.422943 0.146477 0.038865 0.055917
1 0.518849 0.141625 0.032615 0.062843
0 0.493505 0.106969 0.028719 0.044822
0 0.452375 0.097957 0.026771 0.043437
