0 0.682813 0.205199 0.051667 0.072639
1 0.599219 0.193574 0.048229 0.097926
0 0.710703 0.287102 0.070990 0.119167
0 0.672891 0.408954 0.078385 0.130278
0 0.844375 0.558639 0.127917 0.170722
0 0.277130 0.736991 0.147240 0.243056
0 0.306948 0.488167 0.097729 0.157111
0 0.495250 0.339843 0.062625 0.109981
0 0.415333 0.272620 0.059521 0.097500
1 0.505979 0.235190 0.053667 0.111361
0 0.391557 0.209199 0.043927 0.069083
0 0.419240 0.150977 0.039250 0.057991
1 0.517885 0.147167 0.032250 0.067000
0 0.490969 0.111126 0.028333 0.043433
0 0.450813 0.099694 0.026771 0.045520
