0 0.681823 0.203426 0.049688 0.070111
1 0.598646 0.191292 0.047083 0.097417
0 0.709141 0.283824 0.070156 0.118648
0 0.672448 0.403657 0.076979 0.130796
0 0.840964 0.551556 0.125573 0.168704
0 0.273620 0.749981 0.148406 0.248259
0 0.304911 0.494231 0.098698 0.158833
0 0.494964 0.345046 0.063615 0.112056
0 0.413969 0.274352 0.059521 0.095407
1 0.505490 0.237968 0.053083 0.112065
0 0.390583 0.210935 0.044312 0.068389
0 0.418359 0.152194 0.039052 0.059037
1 0.517781 0.148556 0.032042 0.068389
0 0.490286 0.112169 0.028531 0.043441
0 0.450229 0.100212 0.026771 0.046557
