0 0.680833 0.201667 0.047708 0.067593
1 0.598073 0.189023 0.045937 0.096917
0 0.707578 0.280537 0.069323 0.118148
0 0.672005 0.398352 0.075573 0.131296
0 0.837552 0.544472 0.123333 0.166685
0 0.270115 0.762981 0.149583 0.253444
0 0.302859 0.500296 0.099677 0.160556
0 0.494677 0.350241 0.064604 0.114111
0 0.412609 0.276093 0.059531 0.093333
1 0.505000 0.240736 0.052500 0.112750
0 0.389604 0.212667 0.044708 0.067704
0 0.417484 0.153407 0.038865 0.060074
1 0.517677 0.149940 0.031833 0.069769
0 0.489609 0.113207 0.028719 0.043437
0 0.449646 0.100731 0.026771 0.047594
