0 0.678542 0.195843 0.044271 0.062019
1 0.596667 0.182440 0.043125 0.093861
0 0.703464 0.271944 0.067865 0.114111
0 0.670182 0.383185 0.072969 0.131296
0 0.827734 0.522472 0.117969 0.161130
0 0.259099 0.801463 0.153677 0.263185
0 0.295547 0.519185 0.103385 0.168556
0 0.493312 0.364630 0.067333 0.118630
0 0.408318 0.283019 0.060302 0.090556
1 0.503641 0.248537 0.052510 0.115185
0 0.386198 0.218208 0.045687 0.067694
0 0.414750 0.156171 0.039250 0.062139
1 0.517297 0.153407 0.031865 0.072556
0 0.488052 0.116329 0.029500 0.044824
0 0.448474 0.102983 0.027156 0.049330
