0 0.677708 0.189023 0.045937 0.060509
1 0.595807 0.176375 0.041406 0.087806
0 0.700469 0.265870 0.068750 0.105000
0 0.667188 0.369528 0.073854 0.128278
0 0.818776 0.498954 0.115365 0.156574
0 0.247109 0.838898 0.158927 0.261093
0 0.285906 0.539454 0.108646 0.182056
0 0.490958 0.376574 0.069646 0.119667
0 0.403641 0.293417 0.062635 0.094722
1 0.502469 0.255287 0.056000 0.118278
0 0.381807 0.224444 0.046281 0.071852
0 0.411828 0.157218 0.041594 0.062157
1 0.516714 0.155486 0.033031 0.072546
0 0.487464 0.119444 0.030677 0.048981
0 0.448474 0.106623 0.028323 0.048291
