0 0.677422 0.186741 0.046510 0.060000
1 0.595521 0.174361 0.040833 0.085796
0 0.699453 0.263852 0.069010 0.101963
0 0.666198 0.364972 0.074167 0.127241
0 0.815807 0.491130 0.114531 0.155037
0 0.243115 0.851370 0.160687 0.260407
0 0.282682 0.546213 0.110406 0.186537
0 0.490193 0.380565 0.070448 0.120019
0 0.402083 0.296880 0.063417 0.096093
1 0.502083 0.257546 0.057187 0.119315
0 0.380349 0.226528 0.046469 0.073241
0 0.410854 0.157560 0.042375 0.062139
1 0.516521 0.156185 0.033417 0.072556
0 0.487271 0.120481 0.031062 0.050370
0 0.448474 0.107834 0.028719 0.047943
