0 0.672865 0.183204 0.044271 0.067074
1 0.594505 0.166014 0.041719 0.081231
0 0.694193 0.246667 0.060781 0.098926
0 0.664505 0.341463 0.070156 0.123704
0 0.800000 0.454222 0.102292 0.151000
0 0.970854 0.904731 0.060375 0.162056
0 0.221089 0.906898 0.171219 0.189907
0 0.263385 0.597157 0.124812 0.199722
0 0.487448 0.414870 0.075104 0.139444
0 0.394182 0.319398 0.069073 0.111352
1 0.500729 0.278852 0.060312 0.134222
0 0.373036 0.238139 0.050552 0.079833
0 0.402568 0.166574 0.044115 0.062148
1 0.515349 0.165532 0.035760 0.076009
0 0.484151 0.127588 0.033406 0.046565
0 0.447016 0.110783 0.032031 0.047600
