0 0.672005 0.182958 0.043698 0.068602
1 0.594375 0.164745 0.041979 0.080731
0 0.693333 0.243630 0.059063 0.098926
0 0.664349 0.337676 0.069323 0.123204
0 0.797448 0.448398 0.100000 0.150500
0 0.967630 0.895546 0.066823 0.175278
0 0.217484 0.914704 0.172969 0.174296
0 0.260167 0.605991 0.127354 0.201463
0 0.487063 0.420935 0.075875 0.143241
0 0.392917 0.323213 0.070042 0.114130
1 0.500531 0.282667 0.060708 0.137000
0 0.371865 0.240046 0.051333 0.080870
0 0.401104 0.168310 0.044312 0.062157
1 0.515151 0.167273 0.036156 0.076713
0 0.483563 0.128801 0.033792 0.045509
0 0.446719 0.111128 0.032625 0.047596
