0 0.671302 0.181431 0.043958 0.067583
1 0.594245 0.163491 0.041719 0.081241
0 0.691797 0.242361 0.059323 0.099426
0 0.663490 0.334139 0.068125 0.122204
0 0.795026 0.444370 0.099740 0.148481
0 0.964411 0.886352 0.073260 0.188519
0 0.256661 0.615009 0.128531 0.202167
0 0.486573 0.427694 0.076854 0.144278
0 0.391651 0.327204 0.070240 0.113778
1 0.500510 0.285093 0.061062 0.138407
0 0.370307 0.242991 0.051323 0.080537
0 0.399740 0.169000 0.043917 0.062148
1 0.514859 0.168829 0.036740 0.077046
0 0.483078 0.129667 0.033990 0.046556
0 0.446135 0.111994 0.031833 0.047252
