0 0.669896 0.178403 0.044583 0.065565
1 0.593958 0.160963 0.041146 0.082259
0 0.688646 0.239833 0.059896 0.100444
0 0.661797 0.327056 0.065885 0.120185
0 0.790208 0.436269 0.099167 0.144426
0 0.957964 0.867991 0.086156 0.214981
0 0.249646 0.633028 0.130875 0.203537
0 0.485599 0.441213 0.078802 0.146352
0 0.389115 0.335176 0.070625 0.113093
1 0.500526 0.289954 0.061865 0.141167
0 0.367188 0.248870 0.051333 0.079815
0 0.397010 0.170389 0.043146 0.062148
1 0.514276 0.171944 0.037906 0.077741
0 0.482104 0.131403 0.034375 0.048639
0 0.444964 0.113724 0.030281 0.046552
