0 0.669193 0.176880 0.044844 0.064537
1 0.593802 0.159694 0.040833 0.082759
0 0.687083 0.238574 0.060208 0.100963
0 0.660911 0.323519 0.064740 0.119148
0 0.787786 0.432231 0.098906 0.142426
0 0.954745 0.858796 0.092594 0.228222
0 0.246135 0.642037 0.132042 0.204222
0 0.485115 0.447963 0.079771 0.147407
0 0.387849 0.339157 0.070823 0.112759
1 0.500531 0.292370 0.062271 0.142556
0 0.365630 0.251824 0.051323 0.079463
0 0.395651 0.171083 0.042760 0.062167
1 0.513979 0.173509 0.038500 0.078093
0 0.481615 0.132264 0.034563 0.049676
0 0.444375 0.114592 0.029500 0.046206
