0 0.668464 0.175375 0.045156 0.063546
1 0.593672 0.158426 0.040573 0.083259
0 0.685547 0.237306 0.060469 0.101463
0 0.660078 0.319972 0.063594 0.118167
0 0.785339 0.428185 0.098594 0.140407
0 0.951521 0.849620 0.099042 0.241463
0 0.242625 0.651046 0.133208 0.204907
0 0.484625 0.454722 0.080750 0.148444
0 0.386583 0.343139 0.071021 0.112426
1 0.500516 0.294806 0.062615 0.143944
0 0.364068 0.254769 0.051323 0.079130
0 0.394286 0.171773 0.042365 0.062157
1 0.513687 0.175069 0.039083 0.078454
0 0.481125 0.133134 0.034771 0.050713
0 0.443797 0.115458 0.028719 0.045861
