0 0.667760 0.173847 0.045417 0.062528
1 0.593516 0.157171 0.040260 0.083769
0 0.683984 0.236046 0.060781 0.101981
0 0.659219 0.316435 0.062500 0.117130
0 0.782943 0.424130 0.098281 0.138370
0 0.948297 0.840435 0.105490 0.254685
0 0.239125 0.660046 0.134375 0.205611
0 0.484141 0.461481 0.081719 0.149481
0 0.385318 0.347120 0.071219 0.112056
1 0.500521 0.297231 0.063021 0.145315
0 0.362510 0.257722 0.051333 0.078778
0 0.392922 0.172463 0.041969 0.062148
1 0.513396 0.176625 0.039667 0.078787
0 0.480635 0.134000 0.034958 0.051759
0 0.443208 0.116324 0.027938 0.045519
