0 0.667318 0.173597 0.044531 0.063028
1 0.592969 0.155898 0.040313 0.082241
0 0.683255 0.234014 0.060469 0.099935
0 0.660365 0.314667 0.063021 0.115593
0 0.780677 0.419843 0.097708 0.137870
0 0.945911 0.826306 0.110260 0.250944
0 0.234437 0.669935 0.137104 0.210833
0 0.483260 0.471194 0.083479 0.153648
0 0.383370 0.351463 0.072385 0.113778
1 0.499948 0.302074 0.063437 0.147407
0 0.361146 0.260500 0.052104 0.079481
0 0.391552 0.174199 0.043146 0.062157
1 0.513391 0.179056 0.039260 0.079481
0 0.480052 0.135907 0.035354 0.052796
0 0.442526 0.116847 0.028531 0.045861
