0 0.666042 0.172838 0.041979 0.064546
1 0.591250 0.152102 0.040313 0.077685
0 0.681120 0.227949 0.059635 0.093880
0 0.663776 0.309361 0.064740 0.111056
0 0.773854 0.406954 0.096042 0.136352
0 0.938745 0.783935 0.124594 0.239685
0 0.220401 0.699556 0.145281 0.226407
0 0.480630 0.500296 0.088740 0.166111
0 0.377521 0.364454 0.075896 0.118981
1 0.498177 0.316630 0.064583 0.153630
0 0.357047 0.268815 0.054448 0.081556
0 0.387464 0.179403 0.046656 0.062157
1 0.513396 0.186329 0.038104 0.081565
0 0.478292 0.141625 0.036521 0.055917
0 0.440479 0.118403 0.030292 0.046898
