0 0.665625 0.172583 0.041146 0.065056
1 0.590677 0.150847 0.040313 0.076194
0 0.680417 0.225926 0.059375 0.091852
0 0.664896 0.307593 0.065313 0.109556
0 0.771589 0.402639 0.095469 0.135833
0 0.936354 0.769815 0.129375 0.235926
0 0.215719 0.709435 0.148021 0.231611
0 0.479755 0.510009 0.090490 0.170278
0 0.375573 0.368787 0.077063 0.120722
1 0.497609 0.321491 0.064990 0.155722
0 0.355682 0.271574 0.055240 0.082259
0 0.386094 0.181130 0.047833 0.062148
1 0.513391 0.188759 0.037698 0.082259
0 0.477714 0.143532 0.036906 0.056954
0 0.439797 0.118921 0.030865 0.047250
