0 0.665078 0.171065 0.040573 0.065056
1 0.590104 0.148819 0.039688 0.076176
0 0.678984 0.222648 0.058802 0.089333
0 0.666198 0.303296 0.065000 0.106000
0 0.767448 0.394556 0.093438 0.133815
0 0.931578 0.741565 0.138927 0.228426
0 0.206172 0.733176 0.154656 0.242352
0 0.477901 0.529926 0.094198 0.177556
0 0.371865 0.378657 0.078625 0.123833
1 0.496620 0.330315 0.066135 0.160222
0 0.352859 0.277463 0.056594 0.083630
0 0.382979 0.183903 0.049396 0.062157
1 0.513188 0.193778 0.037687 0.082593
0 0.476734 0.146824 0.036906 0.057296
0 0.439021 0.120657 0.031646 0.047944
0 0.489312 0.113729 0.027354 0.045172
