0 0.664922 0.169810 0.040885 0.064565
1 0.590104 0.148060 0.039167 0.077694
0 0.678281 0.221384 0.058542 0.088824
0 0.666328 0.300769 0.064219 0.103981
0 0.765599 0.390769 0.092031 0.132315
0 0.929187 0.727444 0.143708 0.224667
0 0.201302 0.747037 0.158542 0.247889
0 0.476922 0.540148 0.096156 0.180667
0 0.370115 0.384204 0.079021 0.125222
1 0.496229 0.334306 0.066917 0.162648
0 0.351396 0.280593 0.057187 0.084333
0 0.381224 0.184944 0.049781 0.062148
1 0.512995 0.196375 0.038073 0.082250
0 0.476344 0.148208 0.036521 0.056602
0 0.438922 0.121870 0.031844 0.048296
0 0.489219 0.115282 0.027938 0.044824
