0 0.664792 0.168546 0.041146 0.064056
1 0.590130 0.147301 0.038594 0.079213
0 0.677578 0.220116 0.058177 0.088324
0 0.666458 0.298222 0.063333 0.101963
0 0.763750 0.386972 0.090625 0.130796
0 0.926797 0.713324 0.148490 0.220907
0 0.196432 0.760898 0.162448 0.253463
0 0.475948 0.550370 0.098104 0.183778
0 0.368359 0.389750 0.079406 0.126611
1 0.495839 0.338287 0.067698 0.165093
0 0.349938 0.283713 0.057771 0.085019
0 0.379469 0.185981 0.050167 0.062148
1 0.512797 0.198977 0.038469 0.081898
0 0.475958 0.149593 0.036125 0.055907
0 0.438823 0.123083 0.032042 0.048630
0 0.489120 0.116847 0.028531 0.044472
