0 0.664505 0.166019 0.041719 0.063037
1 0.590130 0.145787 0.037448 0.082241
0 0.676146 0.217588 0.057604 0.087306
0 0.666745 0.293185 0.061615 0.097926
0 0.760052 0.379389 0.087813 0.127741
0 0.922578 0.689019 0.156927 0.214593
0 0.186680 0.788630 0.170245 0.264519
0 0.474000 0.570824 0.102000 0.190019
0 0.364849 0.400833 0.080198 0.129370
1 0.495057 0.346259 0.069260 0.169926
0 0.347010 0.289944 0.058937 0.086407
0 0.375964 0.188056 0.050948 0.062148
1 0.512406 0.204171 0.039250 0.081213
0 0.475177 0.152366 0.035354 0.054528
0 0.438630 0.125509 0.032427 0.049333
0 0.488922 0.119963 0.029698 0.043778
