0 0.664349 0.164750 0.042031 0.062537
1 0.590104 0.145028 0.036875 0.083759
0 0.675443 0.216324 0.057344 0.086796
0 0.666901 0.290657 0.060781 0.095907
0 0.758203 0.375602 0.086406 0.126241
0 0.913188 0.678852 0.145479 0.212037
0 0.181810 0.802472 0.174151 0.270056
0 0.473026 0.581046 0.103948 0.193130
0 0.363094 0.406389 0.080583 0.130778
1 0.494667 0.350241 0.070042 0.172333
0 0.345552 0.293065 0.059521 0.087093
0 0.374208 0.189106 0.051333 0.062157
1 0.512214 0.206773 0.039635 0.080861
0 0.474792 0.153750 0.034958 0.053833
0 0.438531 0.126722 0.032625 0.049667
0 0.488828 0.121523 0.030281 0.043435
