0 0.663932 0.163236 0.041719 0.061528
1 0.589844 0.143005 0.036875 0.082750
0 0.674427 0.214296 0.057083 0.085778
0 0.667474 0.288120 0.060156 0.092870
0 0.756354 0.371056 0.084375 0.125222
0 0.908969 0.668676 0.144375 0.209463
0 0.176352 0.811694 0.178047 0.269759
0 0.471568 0.592657 0.105719 0.196944
0 0.360948 0.411759 0.081750 0.131815
1 0.494292 0.354583 0.071625 0.173389
0 0.343505 0.296880 0.059719 0.087796
0 0.372943 0.190491 0.051531 0.062167
1 0.511922 0.209028 0.040219 0.081907
0 0.474203 0.155657 0.034969 0.054870
0 0.438141 0.127588 0.032615 0.048639
0 0.488536 0.122736 0.030469 0.043787
