0 0.661068 0.154884 0.039427 0.055954
1 0.588385 0.132894 0.036875 0.077694
0 0.669193 0.203435 0.054531 0.081241
0 0.670182 0.272704 0.056510 0.080222
0 0.745547 0.345259 0.074115 0.116111
0 0.883635 0.607639 0.137708 0.194056
0 0.143798 0.869306 0.196758 0.265093
0 0.462609 0.668380 0.116635 0.222944
0 0.347891 0.445713 0.088760 0.139426
1 0.491562 0.381602 0.080208 0.181019
0 0.331026 0.319407 0.062052 0.094037
0 0.364943 0.198454 0.052302 0.063537
1 0.510161 0.222718 0.043323 0.088491
0 0.470693 0.166403 0.036135 0.060417
0 0.435604 0.132611 0.032229 0.044130
0 0.486589 0.129491 0.032031 0.045519
