0 0.660365 0.154130 0.038542 0.055444
1 0.588385 0.132894 0.036875 0.077694
0 0.668880 0.202667 0.053385 0.081741
0 0.670026 0.269926 0.055677 0.082741
0 0.743958 0.342222 0.073854 0.112074
0 0.879411 0.597463 0.136594 0.191481
0 0.138533 0.875889 0.195975 0.251926
0 0.460948 0.686046 0.118771 0.229870
0 0.345547 0.452815 0.089927 0.141852
1 0.490771 0.386981 0.080958 0.183444
0 0.328781 0.322870 0.063417 0.096815
0 0.363292 0.199500 0.052104 0.064926
1 0.509885 0.225139 0.043562 0.089870
0 0.470109 0.167616 0.037302 0.060769
0 0.435021 0.133310 0.031833 0.044824
0 0.486099 0.130185 0.032615 0.045519
