0 0.658958 0.152616 0.036875 0.054435
1 0.588385 0.132894 0.036875 0.077694
0 0.668307 0.201157 0.051094 0.082759
0 0.669740 0.264361 0.053958 0.087796
0 0.740859 0.336148 0.073281 0.104000
0 0.873385 0.577843 0.135833 0.192981
0 0.128009 0.889056 0.194420 0.225593
0 0.457635 0.721407 0.123063 0.243741
0 0.340865 0.467037 0.092271 0.146704
1 0.489214 0.397722 0.082510 0.188296
0 0.324302 0.329796 0.066146 0.102333
0 0.359974 0.201579 0.051719 0.067694
1 0.509286 0.229991 0.043927 0.092648
0 0.468943 0.170046 0.039635 0.061463
0 0.433854 0.134690 0.031062 0.046213
0 0.485125 0.131574 0.033792 0.045519
