0 0.658229 0.151856 0.036042 0.053935
1 0.588385 0.132894 0.036875 0.077694
0 0.668047 0.200394 0.049948 0.083250
0 0.669609 0.261574 0.053073 0.090333
0 0.739297 0.333120 0.072969 0.099944
0 0.869141 0.570009 0.132448 0.188426
0 0.122744 0.895639 0.193636 0.212426
0 0.455974 0.739074 0.125219 0.250667
0 0.338531 0.474130 0.093438 0.149148
1 0.488443 0.403102 0.083323 0.190722
0 0.322057 0.333269 0.067510 0.105130
0 0.358318 0.202620 0.051531 0.069093
1 0.508990 0.232417 0.044104 0.094056
0 0.468359 0.171259 0.040802 0.061815
0 0.433266 0.135384 0.030677 0.046898
0 0.484635 0.132269 0.034375 0.045519
