0 0.657500 0.150088 0.035729 0.054435
1 0.588099 0.131380 0.036302 0.076685
0 0.667474 0.198125 0.048802 0.081750
0 0.669609 0.257028 0.052552 0.092352
0 0.736589 0.327056 0.071615 0.096926
0 0.861302 0.554843 0.127604 0.180352
0 0.452078 0.774593 0.131052 0.259333
0 0.333562 0.488861 0.096375 0.155019
1 0.487656 0.415741 0.084479 0.195926
0 0.317479 0.340713 0.069271 0.108944
0 0.355589 0.205042 0.051927 0.070472
1 0.508208 0.237269 0.044104 0.094722
0 0.467187 0.174542 0.041979 0.062843
0 0.432297 0.137292 0.030677 0.047935
0 0.483859 0.134519 0.034760 0.045870
