0 0.657526 0.147051 0.037448 0.057472
1 0.587266 0.126824 0.034635 0.073648
0 0.666615 0.193569 0.048854 0.075676
0 0.670026 0.251722 0.053385 0.090852
0 0.733177 0.317954 0.068125 0.099944
0 0.850625 0.532843 0.123333 0.169722
0 0.445359 0.828111 0.142177 0.264519
0 0.325667 0.511741 0.101625 0.165407
1 0.487651 0.437583 0.085635 0.204241
0 0.310469 0.352667 0.070438 0.112037
0 0.352370 0.209204 0.053677 0.070481
1 0.506766 0.244546 0.043552 0.092648
0 0.465432 0.180782 0.041969 0.064917
0 0.431130 0.140926 0.031844 0.048981
0 0.482979 0.139199 0.034188 0.046898
