0 0.657500 0.146037 0.038021 0.058481
1 0.586979 0.125309 0.034063 0.072641
0 0.666328 0.192060 0.048802 0.073657
0 0.670156 0.249944 0.053646 0.090333
0 0.732031 0.314926 0.066979 0.100963
0 0.847083 0.525509 0.121875 0.166167
0 0.443115 0.845963 0.145875 0.266222
0 0.323036 0.519361 0.103385 0.168907
1 0.487661 0.444843 0.086031 0.207019
0 0.308125 0.356657 0.070833 0.113093
0 0.351297 0.210593 0.054260 0.070481
1 0.506255 0.246972 0.043323 0.091944
0 0.464849 0.182861 0.041969 0.065611
0 0.430740 0.142144 0.032229 0.049324
0 0.482687 0.140755 0.033979 0.047250
