0 0.657526 0.145032 0.038594 0.059491
1 0.586693 0.123794 0.033490 0.071633
0 0.666042 0.190537 0.048854 0.071630
0 0.670312 0.248176 0.053958 0.089833
0 0.730911 0.311880 0.065885 0.101981
0 0.843516 0.518185 0.120469 0.162630
0 0.440875 0.865843 0.149583 0.272019
0 0.320411 0.526991 0.105135 0.172352
1 0.487667 0.452130 0.086438 0.209778
0 0.305786 0.360639 0.071219 0.114130
0 0.350229 0.211972 0.054854 0.070463
1 0.505776 0.249407 0.043135 0.091259
0 0.464266 0.184940 0.041969 0.066306
0 0.430349 0.143356 0.032615 0.049676
0 0.482396 0.142315 0.033792 0.047593
1 0.481807 0.086175 0.020927 0.047594
