0 0.656797 0.144019 0.037760 0.058481
1 0.586562 0.122530 0.033750 0.071126
0 0.665208 0.189528 0.048229 0.072648
0 0.670469 0.246157 0.052500 0.088833
0 0.729896 0.309611 0.065625 0.100444
0 0.840677 0.511852 0.118750 0.163148
0 0.439219 0.876583 0.150167 0.250537
0 0.317286 0.534778 0.107469 0.177556
1 0.486391 0.459056 0.088573 0.214630
0 0.303448 0.365500 0.072000 0.115519
0 0.349057 0.212319 0.054844 0.070472
1 0.505688 0.253213 0.043729 0.092648
0 0.463583 0.186847 0.042562 0.067343
0 0.429859 0.144046 0.032823 0.050370
0 0.482005 0.143352 0.034177 0.048981
1 0.481615 0.086003 0.021313 0.049328
