0 0.655391 0.141995 0.035990 0.056454
1 0.586276 0.120001 0.034323 0.070109
0 0.663490 0.187500 0.047083 0.074667
0 0.670729 0.242120 0.049688 0.086796
0 0.727917 0.305065 0.065000 0.097426
0 0.834974 0.499222 0.115365 0.164148
0 0.435901 0.898065 0.151344 0.207574
0 0.311047 0.550370 0.112156 0.187926
1 0.483844 0.472917 0.092833 0.224315
0 0.298771 0.375185 0.073563 0.118296
0 0.346719 0.213019 0.054854 0.070481
1 0.505479 0.260843 0.044875 0.095426
0 0.462219 0.190657 0.043729 0.069426
0 0.428885 0.145435 0.033208 0.051759
0 0.481224 0.145435 0.034969 0.051759
1 0.481224 0.085657 0.022094 0.052796
