0 0.653984 0.139972 0.034323 0.054444
1 0.585990 0.117470 0.034896 0.069096
0 0.661797 0.185477 0.045990 0.076676
0 0.671016 0.238065 0.046823 0.084759
0 0.725938 0.300509 0.064479 0.094389
0 0.829297 0.486583 0.111927 0.165167
0 0.432589 0.919556 0.152510 0.164593
0 0.304807 0.565972 0.116823 0.198352
1 0.481323 0.486796 0.097146 0.234037
0 0.294089 0.384898 0.075115 0.121056
0 0.344380 0.213708 0.054844 0.070472
1 0.505297 0.268463 0.046073 0.098185
0 0.460854 0.194472 0.044896 0.071500
0 0.427911 0.146819 0.033594 0.053139
0 0.480443 0.147514 0.035740 0.054528
1 0.480833 0.085307 0.022875 0.056256
