0 0.651536 0.138204 0.035156 0.054944
1 0.585417 0.117728 0.032604 0.065563
0 0.660521 0.181440 0.046250 0.074676
0 0.672865 0.229222 0.045417 0.076185
0 0.722370 0.291417 0.064219 0.094389
0 0.817500 0.467370 0.109375 0.164148
0 0.289698 0.610157 0.126771 0.213944
1 0.476260 0.518657 0.104562 0.251352
0 0.282099 0.406898 0.078823 0.125574
0 0.340583 0.217171 0.053083 0.070472
1 0.503724 0.279037 0.048385 0.106852
0 0.457250 0.204699 0.045479 0.074639
0 0.425083 0.150111 0.033792 0.054870
0 0.478589 0.152713 0.035552 0.053833
1 0.479766 0.090332 0.023844 0.055909
