0 0.650391 0.137699 0.036302 0.055954
1 0.585130 0.118738 0.030885 0.063543
0 0.660234 0.179417 0.046823 0.072648
0 0.674010 0.224657 0.045417 0.071130
0 0.720651 0.286861 0.064219 0.095389
0 0.811536 0.458778 0.108802 0.163148
0 0.281714 0.634398 0.131844 0.220870
1 0.473724 0.535296 0.108073 0.259704
0 0.275667 0.418343 0.080771 0.127648
0 0.338823 0.219250 0.051917 0.070463
1 0.502766 0.283528 0.049573 0.111722
0 0.455297 0.210245 0.045490 0.076028
0 0.423526 0.151847 0.033781 0.055565
0 0.477609 0.155486 0.035156 0.052454
1 0.479177 0.093801 0.024229 0.054528
