0 0.649844 0.137444 0.036875 0.056463
1 0.584974 0.119244 0.030052 0.062531
0 0.660078 0.178403 0.047135 0.071639
0 0.674583 0.222389 0.045417 0.068593
0 0.719792 0.284583 0.064167 0.095907
0 0.808542 0.454472 0.108542 0.162648
0 0.277714 0.646537 0.134385 0.224333
1 0.472443 0.543620 0.109802 0.263833
0 0.272453 0.424065 0.081740 0.128685
0 0.337948 0.220287 0.051333 0.070463
1 0.502271 0.285787 0.050146 0.114130
0 0.454323 0.213014 0.045479 0.076713
0 0.422750 0.152713 0.033792 0.055907
0 0.477125 0.156870 0.034958 0.051759
1 0.478880 0.095535 0.024427 0.053837
