0 0.649401 0.134565 0.035052 0.052815
1 0.584687 0.116536 0.030521 0.061706
0 0.658750 0.175736 0.046146 0.069861
0 0.676198 0.221000 0.045833 0.070593
0 0.716875 0.280139 0.063021 0.093648
0 0.803724 0.442944 0.104323 0.155481
0 0.268750 0.672889 0.141396 0.234037
1 0.470120 0.567185 0.113719 0.280481
0 0.266219 0.436537 0.085646 0.131444
0 0.336974 0.221324 0.051719 0.069759
1 0.501698 0.293074 0.050562 0.117593
0 0.452375 0.218204 0.046271 0.076000
0 0.421969 0.154792 0.033792 0.057306
0 0.475958 0.159644 0.036521 0.053139
1 0.478688 0.095535 0.024813 0.053837
