0 0.649167 0.133125 0.034167 0.050991
1 0.584583 0.115184 0.030729 0.061298
0 0.658073 0.174398 0.045729 0.068981
0 0.677031 0.220292 0.046042 0.071602
0 0.715443 0.277907 0.062448 0.092556
0 0.801302 0.437194 0.102188 0.151907
0 0.264266 0.686037 0.144906 0.238889
1 0.468943 0.578963 0.115656 0.288815
0 0.263099 0.442769 0.087594 0.132833
0 0.336484 0.221852 0.051906 0.069407
1 0.501396 0.296704 0.050750 0.119333
0 0.451396 0.220801 0.046667 0.075657
0 0.421573 0.155829 0.033792 0.057991
0 0.475370 0.161028 0.037302 0.053833
1 0.478589 0.095535 0.025010 0.053837
