0 0.648932 0.131685 0.033281 0.049167
1 0.584427 0.113832 0.030937 0.060891
0 0.657422 0.173056 0.045260 0.068074
0 0.677839 0.219602 0.046198 0.072611
0 0.713958 0.275685 0.061875 0.091407
0 0.798906 0.431417 0.100000 0.148315
0 0.259781 0.699204 0.148417 0.243741
1 0.467766 0.590750 0.117594 0.297093
0 0.259979 0.449009 0.089542 0.134241
0 0.336000 0.222370 0.052104 0.069074
1 0.501099 0.300343 0.050927 0.121056
0 0.450422 0.223407 0.047052 0.075296
0 0.421188 0.156870 0.033792 0.058685
0 0.474786 0.162417 0.038073 0.054537
1 0.478490 0.095535 0.025208 0.053837
