0 0.648698 0.130241 0.032396 0.047333
1 0.584297 0.112481 0.031198 0.060481
0 0.656745 0.171727 0.044740 0.067213
0 0.678646 0.218907 0.046458 0.073630
0 0.712500 0.273463 0.061250 0.090296
0 0.796510 0.425667 0.097917 0.144741
0 0.255297 0.712389 0.151927 0.248593
1 0.466615 0.602528 0.119583 0.305426
0 0.256854 0.455250 0.091500 0.135611
0 0.335510 0.222889 0.052312 0.068741
1 0.500828 0.303991 0.051156 0.122796
0 0.449448 0.226009 0.047438 0.074981
0 0.420797 0.157917 0.033781 0.059389
0 0.474203 0.163801 0.038865 0.055213
1 0.478396 0.095535 0.025396 0.053837
