0 0.647500 0.130167 0.031563 0.048148
0 0.655130 0.168509 0.044115 0.069093
0 0.678672 0.215060 0.045677 0.075657
0 0.709141 0.268093 0.059010 0.088370
0 0.789818 0.411204 0.095469 0.138222
0 0.761146 0.856241 0.169063 0.229926
0 0.964964 0.732778 0.072156 0.213222
0 0.239896 0.757787 0.161667 0.269389
1 0.462318 0.642380 0.124635 0.326907
0 0.245938 0.477074 0.097333 0.140481
0 0.333854 0.225491 0.053271 0.069759
1 0.499344 0.314204 0.052875 0.128000
0 0.447109 0.231731 0.047448 0.075315
0 0.418849 0.160681 0.035344 0.059380
0 0.472448 0.167616 0.040417 0.057991
1 0.477521 0.098305 0.025604 0.052446
