0 0.647005 0.130847 0.031615 0.049472
0 0.654661 0.167569 0.044010 0.070491
0 0.678307 0.213472 0.045156 0.076167
0 0.708151 0.266537 0.058177 0.088000
0 0.787656 0.406852 0.095312 0.136741
0 0.755521 0.840009 0.164167 0.235907
0 0.963188 0.720731 0.075708 0.212019
0 0.234443 0.773898 0.164781 0.277352
1 0.460760 0.656417 0.126188 0.333500
0 0.242042 0.484880 0.099292 0.142204
0 0.333271 0.226528 0.053667 0.070463
1 0.498781 0.317491 0.053687 0.129722
0 0.446427 0.233296 0.047250 0.075667
0 0.418068 0.161556 0.036135 0.059037
0 0.471865 0.168833 0.040813 0.059037
1 0.477130 0.099689 0.025594 0.051752
