0 0.645573 0.132898 0.031771 0.053426
0 0.653255 0.164755 0.043698 0.074676
0 0.677161 0.208731 0.043698 0.077685
0 0.705313 0.261824 0.055625 0.086796
0 0.781250 0.393796 0.094896 0.132296
0 0.738568 0.791222 0.149531 0.253667
0 0.957854 0.684583 0.086375 0.208463
0 0.218068 0.822241 0.174135 0.301259
1 0.456078 0.698519 0.130865 0.353259
0 0.230344 0.508259 0.105146 0.147407
0 0.331516 0.229648 0.054844 0.072556
1 0.497005 0.327370 0.055990 0.134926
0 0.444380 0.237963 0.046656 0.076704
0 0.415724 0.164148 0.038469 0.058000
0 0.470109 0.172463 0.041969 0.062148
1 0.475958 0.103848 0.025604 0.049674
