0 0.649818 0.158685 0.043698 0.074667
0 0.680573 0.195093 0.036875 0.074667
0 0.698464 0.246667 0.055677 0.080741
0 0.769297 0.372556 0.091510 0.126222
0 0.714687 0.691102 0.132396 0.229389
0 0.947188 0.612287 0.107708 0.201352
0 0.179469 0.881426 0.185833 0.240852
1 0.442042 0.800343 0.151917 0.403019
0 0.203443 0.556093 0.116823 0.164037
0 0.330932 0.228611 0.051323 0.074630
1 0.496422 0.357519 0.061844 0.141185
0 0.436193 0.256676 0.053677 0.080870
0 0.414557 0.169347 0.036135 0.051750
0 0.463677 0.182861 0.043146 0.070463
1 0.473620 0.105927 0.027948 0.053831
