0 0.649557 0.157671 0.042031 0.070620
0 0.680286 0.195088 0.037448 0.072639
0 0.697057 0.244639 0.056198 0.078685
0 0.765859 0.364981 0.086927 0.121185
0 0.708698 0.663796 0.128438 0.219259
0 0.943964 0.594111 0.114156 0.195815
0 0.171086 0.897028 0.183891 0.209648
1 0.439505 0.811833 0.159323 0.356704
0 0.192333 0.576194 0.119563 0.170981
0 0.330151 0.230343 0.052115 0.072537
1 0.495266 0.368269 0.063427 0.146019
0 0.434245 0.265000 0.055219 0.083630
0 0.413578 0.171431 0.035740 0.055917
0 0.461927 0.187028 0.044312 0.069093
1 0.472641 0.108356 0.027552 0.054530
