0 0.649271 0.156657 0.040313 0.066574
0 0.680000 0.195093 0.038021 0.070630
0 0.695625 0.242620 0.056771 0.076685
0 0.762448 0.357398 0.082396 0.116130
0 0.702760 0.636500 0.124479 0.209148
0 0.940745 0.575944 0.120594 0.190296
0 0.162706 0.912620 0.181943 0.178463
1 0.436969 0.828472 0.166729 0.320648
0 0.181229 0.596287 0.122292 0.177907
0 0.329370 0.232074 0.052885 0.070481
1 0.494078 0.379009 0.064969 0.150870
0 0.432297 0.273315 0.056781 0.086407
0 0.412604 0.173505 0.035354 0.060065
0 0.460172 0.191185 0.045490 0.067704
1 0.471667 0.110781 0.027167 0.055217
