0 0.648255 0.155139 0.039427 0.063537
0 0.680130 0.193069 0.038906 0.068602
0 0.693229 0.239074 0.055938 0.074667
0 0.757214 0.347028 0.077552 0.109537
0 0.694349 0.599593 0.117344 0.196000
0 0.928969 0.548685 0.116375 0.182000
1 0.432974 0.856389 0.173552 0.263519
0 0.162703 0.629213 0.129698 0.189685
0 0.328396 0.234148 0.053667 0.069778
1 0.492245 0.394778 0.066760 0.156778
0 0.428885 0.284583 0.058937 0.088833
0 0.411240 0.176968 0.035354 0.062843
0 0.457641 0.197759 0.046656 0.066296
1 0.470500 0.114245 0.026771 0.056602
