0 0.646146 0.153625 0.041979 0.066565
0 0.681406 0.186995 0.039688 0.068602
0 0.690208 0.234528 0.051667 0.074648
0 0.751667 0.338685 0.076667 0.105000
0 0.687109 0.570769 0.107969 0.186907
0 0.921635 0.521426 0.121042 0.173704
1 0.428589 0.890157 0.171802 0.200056
0 0.140479 0.667676 0.143729 0.204241
0 0.327813 0.235194 0.053667 0.073944
1 0.490193 0.409852 0.067323 0.159889
0 0.424495 0.293417 0.060698 0.087796
0 0.410073 0.181134 0.036521 0.058694
0 0.455297 0.205046 0.046656 0.066315
1 0.469917 0.117363 0.026771 0.058681
