0 0.645443 0.153116 0.042865 0.067583
0 0.681823 0.184977 0.040000 0.068602
0 0.689245 0.233019 0.050260 0.074667
0 0.749818 0.335898 0.076406 0.103500
0 0.684661 0.561157 0.104844 0.183870
0 0.918328 0.515491 0.119531 0.172204
1 0.427130 0.906898 0.171219 0.189907
0 0.133076 0.680509 0.148411 0.209093
0 0.327615 0.235546 0.053667 0.075315
1 0.489516 0.414880 0.067531 0.160907
0 0.423031 0.296361 0.061271 0.087463
0 0.409682 0.182519 0.036906 0.057296
0 0.454516 0.207472 0.046656 0.066315
1 0.469724 0.118405 0.026781 0.059376
