0 0.644714 0.152611 0.043698 0.068593
0 0.682266 0.182958 0.040260 0.068602
0 0.688229 0.231491 0.048854 0.074648
0 0.747969 0.333111 0.076146 0.101963
0 0.682266 0.551556 0.101719 0.180852
0 0.915031 0.509546 0.118021 0.170685
1 0.425672 0.917824 0.170635 0.168056
0 0.125671 0.693324 0.153096 0.213944
0 0.327422 0.235889 0.053677 0.076704
1 0.488812 0.419907 0.067687 0.161963
0 0.421573 0.299296 0.061854 0.087111
0 0.409292 0.183907 0.037292 0.055926
0 0.453734 0.209898 0.046656 0.066315
1 0.469526 0.119445 0.026781 0.060072
