0 0.643594 0.144523 0.038021 0.060509
0 0.683099 0.174361 0.036302 0.059500
0 0.684245 0.224407 0.049948 0.076667
0 0.738568 0.313917 0.074427 0.103981
0 0.667474 0.478741 0.091510 0.160593
0 0.888177 0.455481 0.107396 0.152519
0 0.934411 0.830556 0.133260 0.278407
0 0.075703 0.818074 0.149323 0.252741
0 0.328198 0.236241 0.053667 0.074630
1 0.484526 0.475694 0.074698 0.183426
0 0.410266 0.330833 0.065760 0.103037
0 0.406562 0.193611 0.038083 0.062852
0 0.443797 0.228611 0.049385 0.074630
1 0.467187 0.128801 0.027563 0.059380
