0 0.643151 0.141486 0.037135 0.057472
0 0.684401 0.172843 0.035469 0.059500
0 0.682109 0.216065 0.049115 0.075167
0 0.734740 0.303296 0.071875 0.097926
0 0.660651 0.458269 0.086406 0.153019
0 0.878359 0.434250 0.103177 0.146463
0 0.926911 0.786111 0.148260 0.267741
0 0.063130 0.858620 0.124177 0.254796
0 0.328495 0.236759 0.051906 0.077741
1 0.481615 0.500130 0.078229 0.196963
0 0.404719 0.346954 0.069854 0.108241
0 0.404219 0.197245 0.039250 0.063880
0 0.440292 0.234843 0.051729 0.080870
1 0.465432 0.130361 0.028719 0.064574
