0 0.641042 0.136431 0.036875 0.062528
0 0.685677 0.163741 0.034063 0.058481
0 0.677708 0.205704 0.043750 0.068593
0 0.724505 0.285843 0.065573 0.096389
0 0.650391 0.401370 0.082969 0.138370
0 0.855182 0.388991 0.092031 0.129796
0 0.893646 0.677157 0.160667 0.254315
0 0.328104 0.234500 0.052312 0.074630
1 0.476057 0.580861 0.090115 0.235759
0 0.389604 0.377611 0.078229 0.115519
0 0.402276 0.205213 0.042760 0.072204
0 0.429469 0.255639 0.056583 0.083648
1 0.463781 0.138157 0.030479 0.065611
0 0.519531 0.120833 0.031250 0.048981
