0 0.640469 0.134412 0.036875 0.062528
0 0.685677 0.158681 0.035208 0.056454
0 0.675443 0.202667 0.043698 0.068593
0 0.721953 0.279278 0.065052 0.091333
0 0.648151 0.389241 0.079531 0.132296
0 0.851198 0.379380 0.089792 0.124722
0 0.882760 0.658491 0.158021 0.258204
0 0.328302 0.233815 0.051917 0.074630
1 0.472740 0.599241 0.095187 0.242000
0 0.385318 0.388713 0.080573 0.122463
0 0.402271 0.206259 0.044312 0.071519
0 0.425375 0.259796 0.057771 0.085037
1 0.462807 0.138157 0.030865 0.068389
0 0.518943 0.121523 0.030865 0.047602
