0 0.640156 0.133403 0.036875 0.062528
0 0.685677 0.156153 0.035729 0.055454
0 0.674297 0.201157 0.043698 0.068611
0 0.720651 0.275981 0.064740 0.088815
0 0.646979 0.383176 0.077813 0.129278
0 0.849219 0.374583 0.088646 0.122167
0 0.877656 0.645093 0.158021 0.250593
0 0.328401 0.233463 0.051719 0.074630
1 0.471083 0.608426 0.097729 0.245111
0 0.383172 0.394259 0.081740 0.125926
0 0.402276 0.206773 0.045094 0.071157
0 0.423323 0.261880 0.058354 0.085722
1 0.462313 0.138157 0.031062 0.069778
0 0.518661 0.121870 0.030698 0.046907
