0 0.639896 0.132389 0.036875 0.062519
0 0.685677 0.153625 0.036354 0.054435
0 0.673151 0.199644 0.043698 0.068602
0 0.719375 0.272704 0.064479 0.086296
0 0.645859 0.377111 0.076094 0.126222
0 0.847240 0.369778 0.087500 0.119667
0 0.872526 0.631704 0.158073 0.243037
0 0.328495 0.233111 0.051531 0.074630
1 0.469427 0.617602 0.100271 0.248241
0 0.381026 0.399796 0.082906 0.129370
0 0.402276 0.207296 0.045865 0.070815
0 0.421281 0.263963 0.058937 0.086407
1 0.461828 0.138157 0.031260 0.071167
0 0.518359 0.122218 0.030469 0.046213
