0 0.639036 0.129861 0.036302 0.061519
0 0.685260 0.150083 0.036042 0.053426
0 0.671432 0.196602 0.043698 0.069611
0 0.716667 0.267139 0.063646 0.084278
0 0.643437 0.365231 0.073021 0.120685
0 0.842396 0.359926 0.085208 0.117148
0 0.862292 0.608435 0.154583 0.231907
0 0.328104 0.231907 0.051521 0.073593
1 0.466016 0.641176 0.105135 0.258648
0 0.376542 0.411241 0.084854 0.133556
0 0.401010 0.209032 0.046458 0.070824
0 0.416990 0.268463 0.060500 0.088481
1 0.460854 0.139370 0.031646 0.072204
0 0.517885 0.123083 0.030687 0.047241
0 0.444479 0.108526 0.024625 0.043781
