0 0.637891 0.126829 0.035156 0.059491
0 0.684401 0.148065 0.034323 0.053426
0 0.670339 0.193565 0.043698 0.071611
0 0.713828 0.262583 0.062448 0.085278
0 0.640859 0.353593 0.070156 0.115630
0 0.836693 0.349806 0.082969 0.117130
0 0.852057 0.588713 0.147760 0.224833
0 0.327130 0.230167 0.051906 0.071519
1 0.462510 0.669926 0.109813 0.273185
0 0.371870 0.423019 0.086427 0.134926
0 0.398474 0.211449 0.046073 0.071509
0 0.412510 0.273306 0.062437 0.091278
1 0.459880 0.141796 0.032031 0.071500
0 0.517495 0.124125 0.031469 0.050713
0 0.443505 0.107491 0.025010 0.044481
