0 0.636745 0.123792 0.034010 0.057472
0 0.683542 0.146037 0.032604 0.053426
0 0.669193 0.190542 0.043698 0.073657
0 0.710990 0.258037 0.061354 0.086296
0 0.638333 0.341963 0.067292 0.110556
0 0.831016 0.339694 0.080677 0.117130
0 0.841823 0.569000 0.140938 0.217741
0 0.326151 0.228435 0.052302 0.069426
1 0.459005 0.698694 0.114490 0.287759
0 0.367188 0.434806 0.087979 0.136315
0 0.395943 0.213880 0.045677 0.072204
0 0.408031 0.278167 0.064396 0.094037
1 0.458901 0.144222 0.032427 0.070815
0 0.517104 0.125162 0.032250 0.054176
0 0.442526 0.106450 0.025406 0.045174
