0 0.635911 0.122023 0.034010 0.056972
0 0.682969 0.143514 0.032083 0.054435
0 0.668047 0.187500 0.043698 0.071630
0 0.708854 0.254241 0.060521 0.086778
0 0.635911 0.332370 0.064740 0.106519
0 0.825885 0.330593 0.078437 0.116148
0 0.832708 0.550537 0.135313 0.209148
0 0.789766 0.940565 0.224010 0.122574
0 0.325568 0.227222 0.052698 0.068370
1 0.455198 0.731093 0.118583 0.305444
0 0.362510 0.447444 0.090708 0.139444
0 0.394188 0.216481 0.046458 0.072556
0 0.404130 0.283704 0.066740 0.096111
1 0.457839 0.145782 0.033010 0.071861
0 0.516813 0.127417 0.032833 0.055907
0 0.441750 0.107143 0.026187 0.045863
