0 0.635052 0.121267 0.035729 0.058485
0 0.682552 0.138958 0.032917 0.057472
0 0.666328 0.182954 0.043698 0.062537
0 0.706745 0.249694 0.059635 0.086796
0 0.632500 0.320991 0.061354 0.101981
0 0.819062 0.318463 0.075000 0.113074
0 0.820781 0.524759 0.128438 0.194000
0 0.776979 0.898852 0.217188 0.206000
0 0.325276 0.226185 0.053281 0.068370
1 0.449062 0.785139 0.123854 0.336574
0 0.355495 0.467722 0.096552 0.146704
0 0.392724 0.220634 0.049385 0.072546
0 0.399156 0.293065 0.070833 0.098167
1 0.456078 0.146819 0.034177 0.076009
0 0.516521 0.132616 0.033417 0.055917
0 0.440870 0.110781 0.027948 0.046902
