0 0.634479 0.119747 0.036875 0.057469
0 0.682552 0.133907 0.031771 0.055444
0 0.663750 0.176889 0.044271 0.060519
0 0.703594 0.242611 0.059063 0.086778
0 0.629062 0.306833 0.060208 0.097926
0 0.811380 0.303296 0.072135 0.109037
0 0.805130 0.492898 0.119948 0.182870
0 0.759323 0.841269 0.201250 0.272833
0 0.980521 0.808824 0.041042 0.163833
0 0.325474 0.226185 0.052115 0.067000
1 0.441458 0.841231 0.131250 0.321241
0 0.343990 0.500296 0.104750 0.159185
0 0.389411 0.224796 0.050552 0.075296
0 0.389995 0.307963 0.075115 0.104444
1 0.453547 0.149602 0.035344 0.078796
0 0.515151 0.138852 0.034594 0.057296
0 0.438922 0.113898 0.028719 0.047593
