0 0.634479 0.118233 0.036875 0.054441
0 0.682969 0.130875 0.029167 0.049380
0 0.661641 0.172338 0.045156 0.066583
0 0.701042 0.236546 0.059063 0.086796
0 0.627370 0.296972 0.061927 0.096389
0 0.806693 0.292667 0.071302 0.106000
0 0.793594 0.470907 0.113958 0.181370
0 0.745703 0.804852 0.184219 0.306222
0 0.972188 0.775787 0.057708 0.184389
0 0.326057 0.227222 0.049760 0.064926
1 0.436198 0.869824 0.137104 0.264056
0 0.333755 0.528889 0.111177 0.170630
0 0.385901 0.226880 0.049385 0.079463
0 0.381224 0.320963 0.077448 0.111704
1 0.451500 0.152718 0.035937 0.078787
0 0.513380 0.143009 0.035740 0.059370
0 0.436870 0.114942 0.028135 0.047598
