0 0.634479 0.117724 0.036875 0.053422
0 0.683125 0.129861 0.028333 0.047352
0 0.660937 0.170815 0.045417 0.068593
0 0.700156 0.234528 0.059063 0.086796
0 0.626797 0.293676 0.062448 0.095907
0 0.805130 0.289130 0.070990 0.105000
0 0.789766 0.463565 0.111927 0.180833
0 0.741146 0.792722 0.178542 0.317333
0 0.969406 0.764778 0.063271 0.191259
0 0.326255 0.227574 0.048990 0.064222
1 0.434443 0.879352 0.139052 0.245000
0 0.330344 0.538417 0.113312 0.174426
0 0.384729 0.227574 0.049000 0.080852
0 0.378302 0.325287 0.078229 0.114130
1 0.450818 0.153755 0.036135 0.078787
0 0.512807 0.144398 0.036156 0.060074
0 0.436193 0.115286 0.027948 0.047594
