0 0.634062 0.117979 0.036563 0.053931
0 0.682969 0.129861 0.029792 0.048370
0 0.660625 0.171824 0.044271 0.066574
0 0.699062 0.234278 0.057917 0.087296
0 0.625807 0.290657 0.061615 0.095907
0 0.803255 0.287361 0.070156 0.104500
0 0.786641 0.457750 0.110781 0.178315
0 0.736562 0.776046 0.175104 0.308278
0 0.959536 0.753759 0.054656 0.198111
0 0.325964 0.228083 0.049573 0.065944
0 0.326354 0.549843 0.116250 0.179278
0 0.383953 0.231204 0.049385 0.080519
0 0.375771 0.330148 0.078625 0.114148
1 0.450719 0.156005 0.036708 0.079139
0 0.512516 0.146648 0.036740 0.059722
0 0.435708 0.116671 0.028146 0.047602
