0 0.633620 0.118233 0.036302 0.054441
0 0.682839 0.129856 0.031198 0.049380
0 0.660365 0.172838 0.043125 0.064546
0 0.697917 0.234019 0.056771 0.087815
0 0.624818 0.287620 0.060781 0.095907
0 0.801432 0.285593 0.069323 0.103963
0 0.783490 0.451944 0.109687 0.175778
0 0.732031 0.759370 0.171667 0.299148
0 0.955786 0.742750 0.058260 0.204981
0 0.325667 0.228602 0.050167 0.067685
0 0.322354 0.561296 0.119167 0.184148
0 0.383172 0.234843 0.049781 0.080167
0 0.373234 0.335000 0.079010 0.114148
1 0.450620 0.158259 0.037302 0.079481
0 0.512224 0.148903 0.037323 0.059380
0 0.435219 0.118056 0.028333 0.047593
