0 0.633203 0.118483 0.035990 0.054941
0 0.682708 0.129861 0.032604 0.050389
0 0.660078 0.173847 0.042031 0.062528
0 0.696771 0.233769 0.055625 0.088315
0 0.623802 0.284583 0.059896 0.095907
0 0.799583 0.283833 0.068437 0.103481
0 0.780365 0.446130 0.108542 0.173259
0 0.727474 0.742676 0.168281 0.290056
0 0.952036 0.731731 0.061865 0.211833
0 0.325375 0.229120 0.050750 0.069426
0 0.318359 0.572731 0.122094 0.188981
0 0.382396 0.238491 0.050167 0.079833
0 0.370698 0.339852 0.079396 0.114148
1 0.450526 0.160514 0.037885 0.079824
0 0.511932 0.151153 0.037906 0.059028
0 0.434734 0.119444 0.028531 0.047593
