0 0.632344 0.118988 0.035417 0.055950
0 0.682422 0.129861 0.035469 0.052407
0 0.659505 0.175870 0.039740 0.058481
0 0.694505 0.233269 0.053385 0.089315
0 0.621823 0.278519 0.058229 0.095889
0 0.795885 0.280287 0.066771 0.102463
0 0.774115 0.434509 0.106250 0.168204
0 0.718385 0.709315 0.161458 0.271852
0 0.944536 0.709704 0.069094 0.225556
0 0.324792 0.230167 0.051917 0.072889
0 0.310370 0.595602 0.127948 0.198685
0 0.380833 0.245759 0.050958 0.079111
0 0.365625 0.349546 0.080188 0.114130
1 0.450328 0.165019 0.039052 0.080519
0 0.511349 0.155657 0.039073 0.058333
0 0.433755 0.122218 0.028927 0.047602
