0 0.631771 0.118990 0.034896 0.056965
0 0.682240 0.129102 0.036875 0.052926
0 0.658932 0.174861 0.038594 0.057463
0 0.692786 0.231500 0.052760 0.088815
0 0.620391 0.273204 0.056510 0.094370
0 0.792188 0.275741 0.064479 0.099444
0 0.768307 0.424639 0.102552 0.162648
0 0.710703 0.678972 0.154635 0.255685
0 0.938516 0.686556 0.077240 0.229370
0 0.324786 0.231213 0.052302 0.074981
0 0.301891 0.621241 0.133990 0.209778
0 0.378979 0.251472 0.052312 0.080167
0 0.359880 0.360296 0.081948 0.116222
1 0.450036 0.168134 0.039635 0.081213
0 0.511427 0.160338 0.039229 0.058694
0 0.433172 0.124644 0.028927 0.046898
0 0.525568 0.113554 0.026573 0.042744
0 0.471672 0.096227 0.026385 0.041361
