0 0.631484 0.118484 0.034323 0.057976
0 0.682240 0.127583 0.036875 0.051907
0 0.658359 0.170819 0.038594 0.059509
0 0.691641 0.228454 0.053906 0.086796
0 0.619531 0.268657 0.054792 0.091352
0 0.788490 0.270176 0.061667 0.094389
0 0.762891 0.416546 0.097448 0.156574
0 0.704427 0.651667 0.147813 0.241519
0 0.933958 0.662287 0.086354 0.223315
0 0.325375 0.232241 0.051917 0.075667
0 0.292922 0.649657 0.140219 0.222241
0 0.376839 0.255639 0.054260 0.082944
0 0.353443 0.372074 0.084656 0.120370
1 0.449646 0.169866 0.039646 0.081898
0 0.512219 0.165185 0.038479 0.060074
0 0.432974 0.126722 0.028531 0.045519
0 0.525385 0.116324 0.026208 0.045519
0 0.471281 0.097610 0.025604 0.041354
