0 0.631068 0.117725 0.033490 0.059494
0 0.682240 0.125310 0.036875 0.050398
0 0.657526 0.164750 0.038594 0.062537
0 0.689948 0.223912 0.055625 0.083769
0 0.618255 0.261824 0.052240 0.086796
0 0.782943 0.261824 0.057344 0.086796
0 0.754792 0.404417 0.089792 0.147463
0 0.695078 0.610713 0.137552 0.220278
0 0.927135 0.625870 0.100000 0.214222
0 0.326250 0.233815 0.051333 0.076704
0 0.279469 0.692278 0.149583 0.240963
0 0.373625 0.261880 0.057187 0.087093
0 0.343797 0.389750 0.088760 0.126611
1 0.449063 0.172468 0.039646 0.082954
0 0.513380 0.172463 0.037302 0.062148
0 0.432682 0.129838 0.027948 0.043435
0 0.525073 0.120486 0.025583 0.049676
0 0.470698 0.099691 0.024438 0.041359
