0 0.630495 0.116210 0.033490 0.058487
0 0.681406 0.122778 0.036354 0.053426
0 0.656667 0.164250 0.036875 0.059500
0 0.687656 0.221370 0.054479 0.082741
0 0.617396 0.255759 0.051667 0.084778
0 0.780938 0.256769 0.059063 0.086796
0 0.750260 0.391778 0.087500 0.144444
0 0.691380 0.586935 0.132448 0.213204
0 0.923438 0.605157 0.107396 0.209167
0 0.326641 0.232769 0.051323 0.074611
0 0.267385 0.723824 0.155813 0.248574
0 0.371089 0.266380 0.056802 0.087796
0 0.337557 0.400139 0.091115 0.130759
1 0.447495 0.175583 0.038865 0.085019
0 0.512813 0.175935 0.037708 0.062167
0 0.431516 0.131227 0.028719 0.046213
0 0.524490 0.121870 0.026750 0.048296
0 0.470115 0.102116 0.025604 0.043435
