0 0.629922 0.114691 0.033490 0.057470
0 0.680573 0.120253 0.035729 0.056457
0 0.655807 0.163736 0.035156 0.056454
0 0.685391 0.218852 0.053385 0.081741
0 0.616563 0.249694 0.051146 0.082759
0 0.778958 0.251713 0.060729 0.086796
0 0.745677 0.379139 0.085208 0.141389
0 0.687656 0.563185 0.127292 0.206111
0 0.931078 0.582657 0.139927 0.181611
0 0.327031 0.231731 0.051333 0.072537
0 0.255297 0.755352 0.162052 0.256222
0 0.368552 0.270889 0.056396 0.088481
0 0.331318 0.410546 0.093448 0.134944
1 0.445938 0.178704 0.038083 0.087111
0 0.512214 0.179403 0.038073 0.062157
0 0.430344 0.132611 0.029500 0.048981
0 0.523906 0.123255 0.027917 0.046898
0 0.469526 0.104544 0.026781 0.045522
