0 0.629635 0.113934 0.033438 0.056965
0 0.680130 0.118991 0.035469 0.057981
0 0.655391 0.163477 0.034323 0.054935
0 0.684271 0.217588 0.052813 0.081231
0 0.616146 0.246657 0.050833 0.081722
0 0.777969 0.249194 0.061667 0.086796
0 0.743411 0.372815 0.084115 0.139889
0 0.685807 0.551306 0.124740 0.202574
0 0.922974 0.573426 0.129948 0.182481
0 0.327229 0.231213 0.051333 0.071500
0 0.249255 0.771130 0.165177 0.260037
0 0.367286 0.273139 0.056198 0.088833
0 0.328203 0.415741 0.094615 0.137000
1 0.445156 0.180264 0.037687 0.088139
0 0.511911 0.181130 0.038260 0.062148
0 0.429760 0.133306 0.029896 0.050370
0 0.523609 0.123949 0.028510 0.046213
0 0.469234 0.105757 0.027365 0.046559
