0 0.628932 0.112414 0.033177 0.055950
0 0.679141 0.116461 0.034010 0.056967
0 0.654115 0.160704 0.034063 0.054444
0 0.682969 0.213542 0.051979 0.079213
0 0.614714 0.241352 0.049635 0.081222
0 0.775130 0.243639 0.061615 0.086796
0 0.739271 0.362194 0.082083 0.136870
0 0.681406 0.530315 0.119896 0.196037
0 0.915661 0.554963 0.127760 0.184259
0 0.327130 0.229991 0.051135 0.070463
0 0.235026 0.800769 0.172573 0.261796
0 0.364557 0.276954 0.056594 0.088833
0 0.321281 0.427352 0.096750 0.140111
1 0.443792 0.182861 0.038083 0.089870
0 0.511443 0.184421 0.038885 0.063194
0 0.428786 0.135042 0.030281 0.051065
0 0.523339 0.125338 0.028740 0.046213
0 0.468943 0.106967 0.027552 0.046900
