0 0.628516 0.111656 0.032865 0.055446
0 0.678568 0.115197 0.032865 0.054439
0 0.653255 0.158176 0.034635 0.055444
0 0.682813 0.210764 0.051667 0.077694
0 0.613724 0.239074 0.048802 0.081741
0 0.773255 0.240593 0.060781 0.086778
0 0.737448 0.357898 0.081250 0.135352
0 0.678828 0.521213 0.117656 0.192981
0 0.912000 0.545741 0.126667 0.185148
0 0.326833 0.229306 0.050937 0.070463
0 0.226839 0.814611 0.176865 0.259667
0 0.363099 0.278519 0.057177 0.088481
0 0.317479 0.433769 0.097729 0.141167
1 0.443208 0.183903 0.038854 0.090565
0 0.511250 0.185981 0.039271 0.064222
0 0.428401 0.136079 0.030281 0.050361
0 0.523333 0.126028 0.028333 0.046907
0 0.468938 0.106969 0.027167 0.046211
