0 0.628073 0.110899 0.032604 0.054943
0 0.677995 0.113933 0.031719 0.051911
0 0.652396 0.155648 0.035208 0.056463
0 0.682682 0.207981 0.051406 0.076185
0 0.612734 0.236806 0.047969 0.082241
0 0.771432 0.237565 0.059948 0.086796
0 0.735599 0.353593 0.080365 0.133815
0 0.676276 0.512111 0.115365 0.189926
0 0.908349 0.536509 0.125573 0.186019
0 0.326547 0.228602 0.050740 0.070463
0 0.218646 0.828491 0.181167 0.257648
0 0.361630 0.280074 0.057760 0.088148
0 0.313682 0.440176 0.098698 0.142204
1 0.442620 0.184944 0.039635 0.091259
0 0.511057 0.187546 0.039656 0.065278
0 0.428005 0.137116 0.030281 0.049676
0 0.523323 0.126722 0.027938 0.047593
0 0.468943 0.106971 0.026781 0.045520
