0 0.627656 0.110142 0.032292 0.054439
0 0.677448 0.112669 0.030625 0.049383
0 0.651563 0.153116 0.035729 0.057472
0 0.682526 0.205204 0.051094 0.074667
0 0.611719 0.234528 0.047083 0.082759
0 0.769583 0.234528 0.059063 0.086796
0 0.733724 0.349306 0.079531 0.132315
0 0.673724 0.503009 0.113073 0.186907
0 0.904687 0.527278 0.124479 0.186926
0 0.326255 0.227917 0.050552 0.070463
0 0.210464 0.842333 0.185448 0.255519
0 0.360172 0.281639 0.058344 0.087796
0 0.309870 0.446583 0.099677 0.143241
1 0.442042 0.185981 0.040417 0.091963
0 0.510859 0.189102 0.040052 0.066315
0 0.427620 0.138157 0.030281 0.048981
0 0.523318 0.127412 0.027531 0.048287
0 0.468943 0.106969 0.026385 0.044822
