0 0.627214 0.109384 0.032031 0.053935
0 0.676875 0.111406 0.029479 0.046856
0 0.650703 0.150593 0.036302 0.058481
0 0.682396 0.202421 0.050833 0.073157
0 0.610729 0.232259 0.046250 0.083259
0 0.767734 0.231491 0.058177 0.086796
0 0.731901 0.345009 0.078698 0.130796
0 0.671172 0.493917 0.110781 0.183870
0 0.901849 0.518176 0.125052 0.183870
0 0.325964 0.227222 0.050365 0.070444
0 0.202276 0.856222 0.189740 0.253481
0 0.358708 0.283185 0.058937 0.087444
0 0.306073 0.452991 0.100646 0.144278
1 0.441453 0.187023 0.041198 0.092657
0 0.510667 0.190657 0.040438 0.067352
0 0.427229 0.139199 0.030292 0.048287
0 0.523339 0.128111 0.027177 0.048981
0 0.468943 0.106970 0.025990 0.044133
