0 0.626797 0.107362 0.031198 0.052924
0 0.676276 0.108880 0.028906 0.044833
0 0.649974 0.147560 0.036615 0.059491
0 0.681536 0.198630 0.050260 0.071630
0 0.609167 0.226185 0.045417 0.082259
0 0.764740 0.226181 0.056771 0.085269
0 0.728464 0.336417 0.077552 0.128759
0 0.667057 0.477231 0.107135 0.178833
0 0.894714 0.500491 0.122760 0.176796
0 0.325865 0.226009 0.050562 0.070796
0 0.189896 0.883343 0.192271 0.237019
0 0.355391 0.287343 0.060490 0.088833
0 0.297599 0.467380 0.105531 0.147389
1 0.440380 0.188931 0.042177 0.093694
0 0.510068 0.194644 0.040802 0.069083
0 0.426448 0.139889 0.030667 0.048981
0 0.523219 0.129491 0.027729 0.050370
0 0.468844 0.106970 0.026187 0.044133
