0 0.626797 0.104832 0.030052 0.051909
0 0.676276 0.106348 0.030052 0.045841
0 0.650260 0.146546 0.036042 0.059500
0 0.680130 0.196606 0.049635 0.071639
0 0.608021 0.218597 0.045417 0.079213
0 0.762474 0.221625 0.055677 0.082231
0 0.725365 0.327815 0.076979 0.127741
0 0.663906 0.462056 0.104271 0.174778
0 0.886198 0.483296 0.117083 0.168704
0 0.326250 0.224972 0.051333 0.071500
0 0.181516 0.903787 0.188760 0.196130
0 0.351693 0.292556 0.062448 0.092296
0 0.288245 0.483315 0.113323 0.151556
1 0.439406 0.190662 0.042562 0.094380
0 0.509286 0.199500 0.040802 0.070481
0 0.425672 0.139199 0.031448 0.051750
0 0.523026 0.130880 0.029677 0.051759
0 0.468651 0.106971 0.027365 0.045520
