0 0.626823 0.103568 0.029479 0.051402
0 0.676302 0.105085 0.030625 0.046348
0 0.650417 0.146042 0.035729 0.059491
0 0.679427 0.195593 0.049375 0.071630
0 0.607448 0.214801 0.045417 0.077694
0 0.761328 0.219356 0.055052 0.080731
0 0.723776 0.323519 0.076719 0.127259
0 0.662370 0.454472 0.102865 0.172759
0 0.881927 0.474704 0.114271 0.164667
0 0.326443 0.224444 0.051719 0.071852
0 0.177328 0.914009 0.187010 0.175685
0 0.349839 0.295139 0.063427 0.094019
0 0.283568 0.491296 0.117219 0.153630
1 0.438922 0.191528 0.042760 0.094722
0 0.508911 0.201921 0.040823 0.071157
0 0.425276 0.138847 0.031844 0.053139
0 0.522943 0.131574 0.030677 0.052444
0 0.468552 0.106969 0.027938 0.046211
