0 0.626797 0.098767 0.031719 0.051911
0 0.673724 0.101038 0.033490 0.050387
0 0.648542 0.141236 0.032604 0.054935
0 0.676719 0.186741 0.046250 0.067074
0 0.605026 0.201153 0.042865 0.074657
0 0.756068 0.209491 0.053073 0.076167
0 0.715521 0.305065 0.072708 0.121685
0 0.654974 0.421102 0.096615 0.162648
0 0.864010 0.437787 0.103438 0.147463
0 0.748385 0.858741 0.174271 0.227889
0 0.326833 0.225491 0.052500 0.070463
0 0.340583 0.308139 0.065958 0.096463
0 0.259292 0.533750 0.124437 0.171315
1 0.436198 0.197417 0.044312 0.097500
0 0.506667 0.214574 0.043750 0.073593
0 0.423625 0.140755 0.033208 0.050713
0 0.521568 0.136079 0.032594 0.051750
0 0.467479 0.109047 0.026187 0.045517
0 0.520411 0.089294 0.026781 0.041356
