0 0.626797 0.096490 0.035156 0.053428
0 0.671172 0.099521 0.035156 0.053420
0 0.646432 0.137444 0.030052 0.050389
0 0.675443 0.179921 0.043698 0.062528
0 0.603750 0.195093 0.040313 0.074667
0 0.753099 0.204185 0.052240 0.074667
0 0.710417 0.295204 0.069271 0.117148
0 0.650703 0.402898 0.093177 0.156574
0 0.854609 0.418074 0.098281 0.138370
0 0.736016 0.821537 0.161406 0.259704
0 0.928854 0.793019 0.144375 0.262593
0 0.326833 0.227565 0.052500 0.068389
0 0.335026 0.315935 0.066531 0.095426
0 0.244385 0.560250 0.123854 0.184833
1 0.434437 0.201579 0.045479 0.099583
0 0.505208 0.222370 0.046667 0.074630
0 0.422750 0.143356 0.033792 0.045509
0 0.520406 0.139199 0.032625 0.049676
0 0.466604 0.111126 0.023271 0.043433
0 0.519250 0.090336 0.027958 0.043439
