0 0.645990 0.136940 0.030313 0.050398
0 0.674583 0.179671 0.044792 0.062028
0 0.602917 0.193574 0.040833 0.073667
0 0.751667 0.201403 0.051667 0.074157
0 0.709297 0.291926 0.068177 0.116630
0 0.649271 0.397852 0.092083 0.155556
0 0.851771 0.411500 0.097708 0.137370
0 0.731875 0.802083 0.158333 0.252130
0 0.926438 0.779139 0.149208 0.257352
0 0.326641 0.226704 0.052115 0.068037
0 0.333078 0.319407 0.067323 0.096815
0 0.237365 0.572213 0.128521 0.188648
1 0.433656 0.203481 0.045479 0.099926
0 0.504802 0.224972 0.046646 0.075648
0 0.422552 0.143704 0.034188 0.046204
0 0.520214 0.140755 0.033010 0.050713
0 0.466505 0.111473 0.024240 0.044128
0 0.519240 0.091203 0.027563 0.043094
