0 0.645130 0.135926 0.030885 0.050389
0 0.672891 0.179162 0.047135 0.061009
0 0.601198 0.190537 0.041979 0.071630
0 0.748802 0.195847 0.050521 0.073157
0 0.707005 0.285333 0.065885 0.115630
0 0.646406 0.387731 0.089792 0.153537
0 0.846068 0.398352 0.096615 0.135333
0 0.723646 0.763157 0.152083 0.236944
0 0.912438 0.751380 0.140563 0.246870
0 0.326250 0.224963 0.051333 0.067333
0 0.329172 0.326333 0.068885 0.099556
0 0.223328 0.596111 0.137885 0.196259
1 0.432099 0.207287 0.045490 0.100611
0 0.504026 0.230167 0.046635 0.077741
0 0.422161 0.144398 0.034969 0.047593
0 0.519823 0.143875 0.033792 0.052787
0 0.466312 0.112168 0.026187 0.045517
0 0.519229 0.092932 0.026750 0.042394
