0 0.644714 0.135421 0.031198 0.050398
0 0.672031 0.178903 0.048229 0.060491
0 0.600339 0.189023 0.042552 0.070620
0 0.747396 0.193056 0.050000 0.072630
0 0.705859 0.282056 0.064740 0.115111
0 0.645000 0.382667 0.088646 0.152519
0 0.843229 0.391769 0.096042 0.134315
0 0.719531 0.743685 0.148958 0.229370
0 0.908073 0.737491 0.141521 0.241611
0 0.326057 0.224102 0.050948 0.066981
0 0.327224 0.329796 0.069656 0.100963
0 0.216312 0.608074 0.142563 0.200074
1 0.431323 0.209204 0.045479 0.100963
0 0.503646 0.232769 0.046667 0.078796
0 0.421969 0.144745 0.035354 0.048287
0 0.519630 0.145435 0.034177 0.053833
0 0.466208 0.112515 0.027167 0.046211
0 0.519245 0.093799 0.026406 0.042050
