0 0.643854 0.133653 0.031771 0.049880
0 0.669870 0.177644 0.049115 0.061009
0 0.598802 0.183704 0.042292 0.068074
0 0.743698 0.186750 0.048854 0.071130
0 0.702292 0.273713 0.062187 0.111574
0 0.641016 0.367759 0.085260 0.146963
0 0.835417 0.375093 0.093438 0.131296
0 0.707839 0.691611 0.138698 0.211185
0 0.894984 0.695843 0.144385 0.225907
0 0.325766 0.223407 0.049969 0.067704
0 0.321182 0.340546 0.071990 0.105130
0 0.195068 0.647065 0.155823 0.214278
1 0.429177 0.214921 0.045875 0.102713
0 0.502380 0.242296 0.047635 0.081926
0 0.420990 0.146472 0.036125 0.050370
0 0.519240 0.149940 0.034958 0.056602
0 0.465724 0.114420 0.028927 0.047252
0 0.519344 0.096917 0.026208 0.042741
