0 0.643854 0.131380 0.031771 0.048370
0 0.668620 0.175366 0.044844 0.065565
0 0.599219 0.176884 0.038021 0.066565
0 0.741120 0.184472 0.048802 0.069611
0 0.698490 0.268398 0.061354 0.103981
0 0.637630 0.353352 0.081823 0.136333
0 0.829036 0.364472 0.089219 0.128241
0 0.697604 0.652176 0.126771 0.202093
0 0.881901 0.654194 0.147240 0.210167
0 0.326057 0.226528 0.049385 0.071833
0 0.314750 0.351972 0.074333 0.109278
0 0.173427 0.692278 0.167521 0.234037
1 0.427422 0.220644 0.047031 0.105824
0 0.500917 0.255296 0.050562 0.085037
0 0.419240 0.149593 0.036125 0.052444
0 0.519240 0.154102 0.034958 0.058685
0 0.464849 0.118060 0.028344 0.046213
0 0.519625 0.101077 0.027938 0.046902
