0 0.643307 0.128597 0.031198 0.047861
0 0.667344 0.172333 0.042292 0.067593
0 0.598932 0.171065 0.035781 0.065056
0 0.738411 0.181431 0.047969 0.067583
0 0.694479 0.261833 0.060208 0.098926
0 0.634193 0.339194 0.078385 0.129278
0 0.822344 0.352083 0.085521 0.123722
0 0.687969 0.614509 0.118229 0.194500
0 0.868542 0.615269 0.142083 0.193981
0 0.326250 0.227917 0.049375 0.074611
0 0.308125 0.363935 0.076667 0.113093
0 0.149940 0.742185 0.179411 0.253444
1 0.425083 0.226005 0.048208 0.107546
0 0.499349 0.268463 0.053281 0.088481
0 0.417578 0.152542 0.036719 0.054176
0 0.519036 0.159125 0.034948 0.061120
0 0.463974 0.121176 0.028531 0.046907
0 0.519630 0.105063 0.029906 0.050022
