0 0.639896 0.123287 0.028333 0.050389
0 0.664349 0.164750 0.042031 0.060500
0 0.596068 0.164241 0.038594 0.061519
0 0.731745 0.171829 0.043698 0.062528
0 0.685677 0.244639 0.056250 0.094870
0 0.627656 0.310880 0.071042 0.124204
0 0.805417 0.319472 0.078437 0.109056
0 0.671172 0.539926 0.109115 0.177815
0 0.835859 0.538398 0.118802 0.170722
0 0.326057 0.225833 0.050948 0.073222
0 0.290781 0.395296 0.084083 0.118296
0 0.094219 0.857231 0.186354 0.263130
1 0.417672 0.240046 0.050948 0.108574
0 0.494094 0.302426 0.059521 0.098889
0 0.414167 0.159301 0.040813 0.056620
0 0.517484 0.174894 0.035344 0.065620
0 0.462510 0.128801 0.031458 0.052454
0 0.518833 0.113900 0.033375 0.051756
