0 0.639323 0.124296 0.028333 0.050389
0 0.663490 0.164755 0.040313 0.058491
0 0.596068 0.163741 0.038594 0.060519
0 0.730026 0.169806 0.043698 0.062537
0 0.683958 0.242620 0.055104 0.090833
0 0.626797 0.305306 0.069323 0.119167
0 0.800573 0.313398 0.075521 0.107019
0 0.668620 0.522231 0.102865 0.168722
0 0.827318 0.522222 0.115365 0.172741
0 0.325865 0.227222 0.050562 0.071852
0 0.285125 0.404991 0.087583 0.118278
0 0.085646 0.877269 0.169208 0.249167
1 0.416115 0.246287 0.051729 0.111352
0 0.491734 0.313861 0.061844 0.102352
0 0.413193 0.161722 0.041990 0.057296
0 0.516885 0.179403 0.035708 0.064935
0 0.462510 0.132958 0.031458 0.051065
0 0.519031 0.116670 0.032979 0.051752
