0 0.638177 0.124551 0.028333 0.049880
0 0.662057 0.163736 0.038594 0.056454
0 0.595651 0.161463 0.038281 0.060000
0 0.727214 0.166269 0.043698 0.063537
0 0.681406 0.238315 0.053333 0.087296
0 0.625104 0.296463 0.067604 0.112593
0 0.793750 0.304556 0.072188 0.104481
0 0.664193 0.496435 0.094635 0.155574
0 0.815391 0.498713 0.110260 0.170204
0 0.325760 0.229306 0.050354 0.070463
0 0.276250 0.419556 0.090896 0.120370
1 0.413292 0.254602 0.052708 0.114833
0 0.488917 0.330324 0.064396 0.107537
0 0.411536 0.164676 0.043740 0.058352
0 0.516125 0.185458 0.036917 0.065269
0 0.462026 0.137468 0.032031 0.051065
0 0.518943 0.120139 0.032427 0.051759
