0 0.637031 0.123032 0.028333 0.048880
0 0.660911 0.161713 0.038594 0.056463
0 0.594792 0.157921 0.037708 0.061009
0 0.724922 0.163236 0.043698 0.065565
0 0.679714 0.233769 0.052240 0.088315
0 0.623385 0.289889 0.067604 0.109556
0 0.789766 0.298991 0.070990 0.103500
0 0.660521 0.480250 0.090625 0.147463
0 0.808542 0.484046 0.106875 0.161130
0 0.325958 0.230694 0.050750 0.070463
0 0.269823 0.429259 0.090521 0.124519
1 0.410755 0.258750 0.053094 0.116204
0 0.487943 0.340361 0.064781 0.111019
0 0.410172 0.165708 0.044906 0.059028
0 0.515719 0.188583 0.038458 0.067352
0 0.461052 0.138157 0.033208 0.053833
0 0.518359 0.121523 0.032031 0.051750
