0 0.636458 0.122278 0.028333 0.048370
0 0.660365 0.160708 0.038542 0.056472
0 0.594401 0.156153 0.037448 0.061509
0 0.723776 0.161713 0.043698 0.066574
0 0.678854 0.231500 0.051667 0.088815
0 0.622552 0.286611 0.067604 0.108037
0 0.787786 0.296213 0.070469 0.102981
0 0.658646 0.472167 0.088646 0.143407
0 0.805130 0.476722 0.105156 0.156556
0 0.326057 0.231380 0.050948 0.070463
0 0.266604 0.434111 0.090313 0.126593
1 0.409490 0.260833 0.053292 0.116889
0 0.487458 0.345398 0.064979 0.112759
0 0.409484 0.166231 0.045490 0.059389
0 0.515531 0.190139 0.039250 0.068389
0 0.460562 0.138505 0.033792 0.055213
0 0.518078 0.122218 0.031865 0.051750
