0 0.635885 0.121519 0.028333 0.047870
0 0.659792 0.159694 0.038542 0.056463
0 0.593958 0.154384 0.037188 0.062028
0 0.722630 0.160204 0.043698 0.067593
0 0.677995 0.229222 0.051094 0.089333
0 0.621667 0.283315 0.067604 0.106519
0 0.785781 0.293435 0.069896 0.102463
0 0.656823 0.464083 0.086667 0.139389
0 0.801719 0.469389 0.103438 0.152000
0 0.326151 0.232074 0.051135 0.070481
0 0.263385 0.438963 0.090125 0.128704
1 0.408219 0.262907 0.053479 0.117593
0 0.486974 0.350417 0.065177 0.114463
0 0.408807 0.166750 0.046073 0.059722
0 0.515344 0.191704 0.040042 0.069444
0 0.460073 0.138852 0.034375 0.056611
0 0.517771 0.122912 0.031646 0.051750
