0 0.635339 0.120759 0.028385 0.047352
0 0.659245 0.158681 0.038594 0.056454
0 0.593542 0.152616 0.036875 0.062528
0 0.721510 0.158681 0.043750 0.068602
0 0.677135 0.226940 0.050521 0.089824
0 0.620833 0.280028 0.067604 0.105019
0 0.783802 0.290648 0.069271 0.101963
0 0.654948 0.455981 0.084687 0.135333
0 0.798307 0.462056 0.101719 0.147481
0 0.326250 0.232769 0.051333 0.070463
0 0.260172 0.443806 0.089927 0.130759
1 0.406953 0.265000 0.053677 0.118296
0 0.486484 0.355444 0.065365 0.116222
0 0.408120 0.167273 0.046656 0.060083
0 0.515125 0.193264 0.040792 0.070472
0 0.459583 0.139199 0.034958 0.057991
0 0.517495 0.123602 0.031469 0.051759
