0 0.635599 0.120759 0.028906 0.048370
0 0.658516 0.158176 0.038906 0.056463
0 0.593255 0.151352 0.037448 0.062019
0 0.720677 0.158176 0.043125 0.066574
0 0.676719 0.224921 0.050833 0.088824
0 0.620260 0.278009 0.067604 0.104981
0 0.782240 0.287611 0.068437 0.099926
0 0.653542 0.449926 0.083542 0.134333
0 0.795755 0.455991 0.100573 0.145463
0 0.326349 0.232593 0.051906 0.070815
0 0.257052 0.449185 0.091500 0.130407
1 0.405688 0.267417 0.055042 0.118981
0 0.485219 0.363417 0.066729 0.118278
0 0.406854 0.168134 0.047250 0.059731
0 0.515031 0.196204 0.040979 0.070815
0 0.459688 0.140412 0.034375 0.056954
0 0.517495 0.124991 0.031469 0.052444
