0 0.637031 0.120759 0.031771 0.053426
0 0.654948 0.155648 0.040313 0.056463
0 0.591823 0.145032 0.040313 0.059491
0 0.716406 0.155648 0.040313 0.056463
0 0.674583 0.214806 0.052188 0.083759
0 0.617396 0.267898 0.067604 0.104981
0 0.774427 0.272444 0.064167 0.089852
0 0.646432 0.419583 0.077865 0.129278
0 0.782969 0.425648 0.094896 0.135333
0 0.326839 0.231731 0.054844 0.072537
0 0.241453 0.476046 0.099281 0.128685
1 0.399354 0.279556 0.061854 0.122444
0 0.478885 0.403269 0.073563 0.128685
0 0.400521 0.172468 0.050167 0.057991
0 0.514542 0.210931 0.041958 0.072546
0 0.460172 0.146477 0.031448 0.051750
0 0.517495 0.131921 0.031469 0.055917
0 0.520401 0.099691 0.023260 0.041359
