0 0.634922 0.119241 0.030885 0.050389
0 0.654089 0.154130 0.038594 0.056463
0 0.590964 0.140477 0.035156 0.056454
0 0.713411 0.150338 0.039427 0.054935
0 0.672031 0.210250 0.050521 0.086796
0 0.614844 0.258037 0.062500 0.100444
0 0.769740 0.264102 0.063333 0.088315
0 0.642161 0.405176 0.077865 0.127759
0 0.774401 0.407454 0.091510 0.135352
0 0.326250 0.230685 0.053667 0.072556
0 0.232682 0.493722 0.103969 0.139074
1 0.395839 0.288389 0.064198 0.127630
0 0.475667 0.428741 0.075312 0.138037
0 0.398182 0.175583 0.050156 0.057981
0 0.512802 0.216653 0.043146 0.073583
0 0.459297 0.148556 0.032031 0.053833
0 0.516609 0.135042 0.034385 0.057991
0 0.520995 0.102811 0.025615 0.041359
