0 0.632786 0.117727 0.030052 0.047361
0 0.653229 0.152611 0.036875 0.056463
0 0.590130 0.135926 0.030052 0.053426
0 0.710417 0.145028 0.038542 0.053426
0 0.669453 0.205708 0.048802 0.089843
0 0.612292 0.248185 0.057396 0.095889
0 0.765026 0.255759 0.062448 0.086778
0 0.637891 0.390769 0.077865 0.126241
0 0.765859 0.389250 0.088073 0.135352
0 0.899948 0.703241 0.166375 0.258259
0 0.966521 0.566056 0.069042 0.173704
0 0.325667 0.229648 0.052500 0.072556
0 0.223917 0.511389 0.108646 0.149481
1 0.392333 0.297222 0.066542 0.132852
0 0.472453 0.454204 0.077073 0.147407
0 0.395844 0.178704 0.050167 0.058000
0 0.511057 0.222370 0.044344 0.074630
0 0.458417 0.150634 0.032625 0.055917
0 0.515724 0.138157 0.037302 0.060074
0 0.521563 0.105931 0.027917 0.041361
