0 0.632214 0.111656 0.028906 0.047356
0 0.650990 0.147560 0.034583 0.054435
0 0.588984 0.130870 0.030052 0.051407
0 0.707005 0.141995 0.036302 0.055454
0 0.666615 0.198630 0.047708 0.083778
0 0.607734 0.239074 0.057344 0.089815
0 0.759323 0.243639 0.060208 0.086796
0 0.630495 0.366491 0.074427 0.122204
0 0.758490 0.369019 0.082396 0.127259
0 0.876573 0.648130 0.154833 0.237741
0 0.959630 0.538806 0.082823 0.177648
0 0.326057 0.230343 0.053281 0.073944
0 0.207932 0.535648 0.115656 0.161963
1 0.385708 0.309694 0.064208 0.138389
0 0.464260 0.494407 0.085646 0.158481
0 0.389604 0.180093 0.056417 0.058000
0 0.510276 0.230694 0.044344 0.077389
0 0.458031 0.154102 0.033396 0.057296
0 0.515724 0.141625 0.035740 0.061454
0 0.519641 0.107317 0.028740 0.038589
