0 0.632057 0.110144 0.028594 0.047361
0 0.650417 0.146292 0.034063 0.053935
0 0.588672 0.129606 0.030052 0.050898
0 0.706146 0.141236 0.035729 0.055954
0 0.665885 0.196856 0.047396 0.082250
0 0.606589 0.236806 0.057344 0.088315
0 0.757917 0.240593 0.059583 0.086778
0 0.628646 0.360426 0.073542 0.121185
0 0.756641 0.363963 0.080990 0.125222
0 0.870734 0.634352 0.151948 0.232630
0 0.957911 0.531991 0.086260 0.178648
0 0.326156 0.230509 0.053479 0.074278
0 0.203927 0.541722 0.117417 0.165074
1 0.384047 0.312815 0.063615 0.139778
0 0.462219 0.504454 0.087792 0.161241
0 0.388047 0.180444 0.057969 0.058000
0 0.510078 0.232769 0.044323 0.078093
0 0.457932 0.154963 0.033594 0.057648
0 0.515719 0.142486 0.035333 0.061806
0 0.519135 0.107664 0.028917 0.037894
