0 0.629349 0.105589 0.026615 0.041285
0 0.648125 0.134412 0.033438 0.050398
0 0.586693 0.120759 0.030052 0.053426
0 0.699323 0.129861 0.036875 0.053426
0 0.661797 0.182949 0.043698 0.074657
0 0.604609 0.217838 0.055677 0.083769
0 0.747109 0.219356 0.053906 0.080731
0 0.622552 0.328574 0.064167 0.105000
0 0.741146 0.325537 0.069271 0.111074
0 0.833281 0.542454 0.130729 0.205130
0 0.946745 0.484287 0.108594 0.172907
0 0.826484 0.936269 0.181927 0.131167
0 0.325667 0.224454 0.050167 0.074611
0 0.170115 0.584167 0.139063 0.182741
1 0.372453 0.337769 0.068885 0.151574
0 0.446135 0.595602 0.101625 0.205611
0 0.377714 0.179750 0.063031 0.064241
0 0.506380 0.248361 0.049010 0.089167
0 0.453740 0.164148 0.034958 0.062148
0 0.513969 0.145435 0.036125 0.062148
0 0.516906 0.108009 0.027958 0.045519
