0 0.647266 0.133653 0.033490 0.050898
0 0.586276 0.119495 0.029740 0.052917
0 0.698906 0.128597 0.036563 0.052917
0 0.661198 0.180931 0.043125 0.074657
0 0.604167 0.216324 0.054792 0.082759
0 0.746406 0.217079 0.053646 0.079213
0 0.621693 0.324537 0.063594 0.105000
0 0.739141 0.322250 0.068698 0.110574
0 0.829010 0.534361 0.129062 0.201093
0 0.945245 0.477463 0.111594 0.170741
0 0.822917 0.926667 0.183333 0.150370
0 0.325667 0.224972 0.050542 0.074278
0 0.165336 0.593167 0.140807 0.185519
1 0.370312 0.341935 0.070438 0.152944
0 0.442620 0.615000 0.106302 0.213259
0 0.376547 0.180269 0.063802 0.062500
0 0.506078 0.251824 0.049198 0.089870
0 0.453547 0.164843 0.035740 0.061463
0 0.513771 0.146824 0.036521 0.063537
0 0.516714 0.109220 0.028344 0.045170
