0 0.646432 0.132894 0.033490 0.051398
0 0.585833 0.118230 0.029479 0.052411
0 0.698464 0.127333 0.036302 0.052407
0 0.660651 0.178907 0.042552 0.074667
0 0.603750 0.214810 0.053958 0.081750
0 0.745703 0.214801 0.053385 0.077694
0 0.620833 0.320481 0.063021 0.105000
0 0.737161 0.318972 0.068177 0.110056
0 0.824766 0.526269 0.127344 0.197019
0 0.943745 0.470657 0.114594 0.168574
0 0.819349 0.917056 0.184740 0.169593
0 0.325672 0.225481 0.050948 0.073926
0 0.160562 0.602185 0.142563 0.188296
1 0.368167 0.346093 0.072000 0.154333
0 0.439115 0.634398 0.110979 0.220870
0 0.375380 0.180782 0.064594 0.060769
0 0.505781 0.255296 0.049375 0.090556
0 0.453354 0.165537 0.036521 0.060778
0 0.513578 0.148208 0.036906 0.064917
0 0.516516 0.110432 0.028740 0.044820
