0 0.645573 0.132139 0.033438 0.051907
0 0.585417 0.116965 0.029167 0.051904
0 0.698047 0.126065 0.035990 0.051907
0 0.660078 0.176889 0.042031 0.074667
0 0.603333 0.213287 0.053125 0.080722
0 0.744974 0.212537 0.053073 0.076185
0 0.619974 0.316435 0.062448 0.104981
0 0.735156 0.315667 0.067604 0.109556
0 0.820469 0.518185 0.125625 0.192963
0 0.942245 0.463843 0.117594 0.166389
0 0.815807 0.907454 0.186198 0.188796
0 0.325667 0.226009 0.051333 0.073574
0 0.155781 0.611185 0.144312 0.191074
1 0.366021 0.350250 0.073563 0.155722
0 0.435609 0.653824 0.115656 0.228500
0 0.374208 0.181301 0.065375 0.059028
0 0.505484 0.258759 0.049552 0.091259
0 0.453156 0.166227 0.037292 0.060065
0 0.513380 0.149593 0.037302 0.066315
0 0.516323 0.111649 0.029125 0.044480
