0 0.584010 0.112669 0.028646 0.051404
0 0.695625 0.121514 0.034583 0.050898
0 0.657943 0.171069 0.040052 0.074157
0 0.601901 0.206458 0.050260 0.078194
0 0.741849 0.204185 0.051927 0.071630
0 0.617109 0.300509 0.059635 0.102463
0 0.727630 0.302028 0.065573 0.106500
0 0.803854 0.484306 0.116771 0.178833
0 0.928474 0.440102 0.113656 0.157685
0 0.800000 0.861250 0.185938 0.241019
0 0.325568 0.227222 0.052302 0.072556
0 0.136971 0.646019 0.151141 0.201111
1 0.357635 0.366870 0.078625 0.161963
0 0.421474 0.735259 0.132240 0.256889
0 0.369531 0.182690 0.068104 0.054176
0 0.503823 0.273130 0.051312 0.094370
0 0.452083 0.169171 0.039833 0.059028
0 0.512411 0.155838 0.038094 0.070472
0 0.515536 0.116324 0.030281 0.044130
