0 0.583307 0.110141 0.030052 0.056459
0 0.689948 0.117724 0.031771 0.053422
0 0.655807 0.172333 0.038594 0.071630
0 0.601198 0.195093 0.048854 0.080741
0 0.736875 0.196606 0.050521 0.071639
0 0.615703 0.281546 0.053906 0.089833
0 0.719792 0.283074 0.064167 0.098926
0 0.784661 0.436269 0.098281 0.168685
0 0.912693 0.423639 0.110031 0.146759
0 0.774401 0.794250 0.163177 0.253648
0 0.325083 0.225491 0.051333 0.072537
0 0.114554 0.685009 0.158933 0.209796
1 0.347891 0.387676 0.080573 0.172352
0 0.403448 0.855444 0.144896 0.292815
0 0.363682 0.181824 0.070052 0.055907
0 0.499943 0.293065 0.057198 0.099574
0 0.449646 0.173509 0.040813 0.064241
0 0.510469 0.166227 0.036146 0.070472
0 0.514552 0.121523 0.030271 0.047602
