0 0.582995 0.108876 0.030052 0.055952
0 0.689375 0.116716 0.031771 0.054439
0 0.655104 0.170310 0.038854 0.072639
0 0.600469 0.194079 0.048542 0.080731
0 0.735885 0.194838 0.049688 0.071139
0 0.615000 0.279028 0.054271 0.090833
0 0.718229 0.280028 0.063333 0.096907
0 0.781380 0.431722 0.098594 0.165667
0 0.909536 0.420352 0.109323 0.144593
0 0.770729 0.778574 0.160312 0.250630
0 0.324885 0.225491 0.051333 0.073241
0 0.109783 0.694880 0.158747 0.213574
1 0.345745 0.393398 0.081344 0.175463
0 0.362505 0.182343 0.069656 0.054870
0 0.499443 0.297389 0.057365 0.101296
0 0.448766 0.174894 0.041406 0.065620
0 0.510255 0.167787 0.036885 0.069426
0 0.514271 0.122907 0.030104 0.047593
