0 0.580729 0.103314 0.028333 0.048872
0 0.684375 0.113176 0.032604 0.053426
0 0.650677 0.161718 0.036875 0.071639
0 0.596094 0.185986 0.045417 0.080731
0 0.729193 0.184472 0.047135 0.068611
0 0.609714 0.260315 0.052240 0.092852
0 0.706589 0.259565 0.058177 0.088315
0 0.759036 0.395315 0.093177 0.147481
0 0.885755 0.391519 0.100885 0.136852
0 0.742005 0.666833 0.137552 0.223296
0 0.325672 0.228611 0.046656 0.076704
0 0.076188 0.779102 0.150292 0.246167
1 0.328594 0.439648 0.088771 0.193148
0 0.349057 0.188583 0.074719 0.054870
0 0.495563 0.337250 0.060125 0.117241
0 0.441750 0.185986 0.042562 0.070472
0 0.508125 0.181301 0.041979 0.073583
0 0.511630 0.133477 0.030281 0.048639
0 0.480635 0.086695 0.027938 0.038239
