0 0.648698 0.157171 0.033438 0.063546
0 0.594089 0.177898 0.042552 0.078722
0 0.725781 0.178403 0.047708 0.065565
0 0.607187 0.247676 0.048229 0.086796
0 0.700755 0.247676 0.055677 0.086796
0 0.748802 0.370037 0.083542 0.139370
0 0.872526 0.376611 0.096615 0.132296
0 0.726328 0.611213 0.126198 0.203093
0 0.326646 0.232769 0.042750 0.076019
0 0.064005 0.827093 0.125927 0.262481
1 0.315917 0.471537 0.094604 0.202852
0 0.491542 0.366889 0.065354 0.128000
0 0.438531 0.192912 0.041979 0.069769
0 0.506375 0.189796 0.042771 0.081556
0 0.510661 0.141278 0.032635 0.055222
0 0.479661 0.089640 0.028323 0.037887
