0 0.647552 0.151097 0.033438 0.061509
0 0.592943 0.172843 0.041406 0.076685
0 0.724063 0.173847 0.046562 0.062528
0 0.606328 0.241102 0.047656 0.083759
0 0.698750 0.241102 0.053958 0.083759
0 0.744557 0.358407 0.080677 0.134333
0 0.867422 0.367000 0.093177 0.129259
0 0.720938 0.588963 0.123333 0.195000
0 0.325865 0.233806 0.043542 0.075315
0 0.058547 0.840259 0.115010 0.265222
1 0.309682 0.485741 0.096948 0.210481
0 0.489010 0.378315 0.068854 0.131481
0 0.437948 0.195690 0.043146 0.071176
0 0.505786 0.192565 0.042385 0.080167
0 0.510859 0.145435 0.033802 0.060759
0 0.478687 0.088947 0.028708 0.040661
