0 0.647005 0.148065 0.033490 0.060500
0 0.592396 0.170310 0.040833 0.075676
0 0.723203 0.171579 0.045990 0.061028
0 0.605885 0.237815 0.047396 0.082259
0 0.697760 0.237815 0.053125 0.082259
0 0.742422 0.352593 0.079219 0.131815
0 0.864844 0.362194 0.091458 0.127759
0 0.718255 0.577852 0.121927 0.190963
0 0.325474 0.234324 0.043927 0.074981
0 0.055818 0.846861 0.109552 0.266648
1 0.306568 0.492852 0.098115 0.214296
0 0.487755 0.384028 0.070635 0.133204
0 0.437656 0.197074 0.043729 0.071852
0 0.505484 0.193949 0.042156 0.079472
0 0.510943 0.147519 0.034365 0.063537
0 0.478198 0.088603 0.028917 0.042054
