0 0.645703 0.145028 0.037760 0.069611
0 0.591823 0.163991 0.040313 0.072130
0 0.718099 0.165509 0.042552 0.062019
0 0.604740 0.228204 0.048542 0.083259
0 0.690365 0.223153 0.050833 0.078213
0 0.728203 0.329074 0.076406 0.129259
0 0.851641 0.342222 0.088385 0.116148
0 0.704167 0.525000 0.106250 0.164148
0 0.326547 0.235713 0.045281 0.072907
1 0.288828 0.543278 0.107094 0.238889
0 0.480641 0.426139 0.076281 0.148796
0 0.432974 0.207986 0.047240 0.074287
0 0.502760 0.209199 0.044896 0.078787
0 0.510062 0.152194 0.033000 0.057648
0 0.475760 0.094321 0.031062 0.045172
0 0.520896 0.086005 0.024250 0.048639
