0 0.645573 0.145028 0.038542 0.071630
0 0.591823 0.163236 0.040313 0.071639
0 0.717240 0.164750 0.041979 0.062537
0 0.604609 0.226935 0.048802 0.083759
0 0.689089 0.220875 0.050573 0.077694
0 0.725781 0.325528 0.076146 0.129278
0 0.849505 0.339185 0.088073 0.114111
0 0.701875 0.516667 0.103438 0.159593
1 0.926302 0.833667 0.094896 0.283963
0 0.326839 0.235889 0.045490 0.072556
1 0.285906 0.551935 0.108646 0.243056
0 0.479469 0.433417 0.077063 0.151537
0 0.432099 0.209894 0.047823 0.074620
0 0.502266 0.211977 0.045469 0.078787
0 0.509880 0.152713 0.032635 0.055907
0 0.475370 0.095531 0.031448 0.045513
0 0.521000 0.087217 0.024458 0.049678
