0 0.645417 0.144269 0.037708 0.070111
0 0.591250 0.161968 0.040313 0.072139
0 0.716797 0.163486 0.041719 0.063028
0 0.604323 0.224671 0.047708 0.082250
0 0.688672 0.219606 0.050260 0.077194
0 0.724349 0.321491 0.074427 0.127241
0 0.847083 0.336407 0.087188 0.113593
0 0.700313 0.509833 0.101979 0.159111
1 0.923438 0.819046 0.101146 0.280981
0 0.327135 0.236583 0.045292 0.072537
1 0.282198 0.562852 0.111375 0.246852
0 0.478490 0.443981 0.078229 0.154667
0 0.431224 0.211801 0.048010 0.074287
0 0.501500 0.213875 0.046271 0.081213
0 0.509490 0.154444 0.033417 0.056611
0 0.475276 0.096228 0.031260 0.046211
0 0.520807 0.087908 0.024844 0.048980
