0 0.645286 0.143509 0.036927 0.068593
0 0.590677 0.160699 0.040313 0.072639
0 0.716380 0.162227 0.041406 0.063546
0 0.604062 0.222384 0.046562 0.080713
0 0.688229 0.218343 0.050000 0.076685
0 0.722917 0.317444 0.072708 0.125222
0 0.844661 0.333630 0.086406 0.113074
0 0.698776 0.503009 0.100573 0.158574
1 0.920599 0.804370 0.107448 0.277926
0 0.327422 0.237278 0.045094 0.072556
1 0.278500 0.573759 0.114104 0.250667
0 0.477521 0.454556 0.079396 0.157815
0 0.430344 0.213713 0.048208 0.073944
0 0.500708 0.215778 0.047021 0.083630
0 0.509099 0.156176 0.034198 0.057296
0 0.475177 0.096919 0.031062 0.046904
0 0.520615 0.088604 0.025229 0.048293
