0 0.644870 0.141236 0.034323 0.064046
0 0.588984 0.156917 0.040260 0.074167
0 0.715130 0.158421 0.040573 0.065046
0 0.603177 0.215560 0.043125 0.076176
0 0.686953 0.214560 0.049115 0.075176
0 0.718646 0.305306 0.067604 0.119167
0 0.837422 0.325287 0.083802 0.111574
0 0.694062 0.482537 0.096354 0.157074
1 0.912057 0.760380 0.126198 0.268833
0 0.328297 0.239352 0.044510 0.072556
1 0.267380 0.606519 0.122281 0.262111
0 0.474599 0.486259 0.082906 0.167148
0 0.427714 0.219421 0.048802 0.072898
0 0.498380 0.221505 0.049385 0.090917
0 0.507932 0.161380 0.036531 0.059389
0 0.474885 0.098999 0.030479 0.048983
0 0.520026 0.090681 0.026406 0.046211
