0 0.644714 0.140477 0.033490 0.062528
0 0.588411 0.155648 0.040260 0.074667
0 0.714688 0.157162 0.040313 0.065565
0 0.602917 0.213292 0.041979 0.074676
0 0.686536 0.213292 0.048802 0.074676
0 0.717266 0.301269 0.065885 0.117130
0 0.834974 0.322500 0.082969 0.111074
0 0.692500 0.475704 0.094896 0.156556
1 0.909245 0.745704 0.132448 0.265778
0 0.328594 0.240046 0.044312 0.072537
1 0.263682 0.617435 0.125010 0.265907
0 0.473625 0.496833 0.084083 0.170259
0 0.426839 0.221324 0.048990 0.072537
0 0.497589 0.223407 0.050135 0.093333
0 0.507542 0.163111 0.037312 0.060074
0 0.474786 0.099691 0.030281 0.049674
0 0.519833 0.091373 0.026792 0.045513
