0 0.641302 0.135926 0.040313 0.065556
0 0.584974 0.145028 0.043698 0.065556
0 0.710417 0.148065 0.038542 0.053426
0 0.601198 0.202667 0.041979 0.071630
0 0.678854 0.193565 0.047083 0.071611
0 0.707005 0.272444 0.065885 0.108037
0 0.823047 0.307333 0.076094 0.111074
0 0.683125 0.433241 0.089792 0.138370
1 0.882786 0.656222 0.140990 0.232407
0 0.329177 0.242120 0.047813 0.068389
1 0.237365 0.690213 0.142563 0.319981
0 0.464849 0.564407 0.094615 0.193148
0 0.419818 0.230685 0.051344 0.078778
0 0.495833 0.234852 0.053646 0.095407
0 0.507526 0.165185 0.034948 0.060074
0 0.474786 0.099691 0.030281 0.049674
0 0.519833 0.090333 0.026792 0.047593
