0 0.641016 0.133907 0.039740 0.063537
0 0.586120 0.141995 0.042552 0.065565
0 0.709583 0.145532 0.038021 0.054435
0 0.600911 0.198630 0.042552 0.073667
0 0.678281 0.190542 0.045937 0.069620
0 0.705000 0.266880 0.064167 0.107019
0 0.818776 0.300250 0.075573 0.109056
0 0.679688 0.422620 0.088646 0.135352
1 0.871953 0.632963 0.137552 0.224333
0 0.328786 0.241778 0.047031 0.069074
1 0.226646 0.722787 0.149188 0.333833
0 0.462901 0.595944 0.097719 0.207704
0 0.418068 0.234157 0.052510 0.080167
0 0.495833 0.241083 0.053646 0.096796
0 0.506552 0.167273 0.036896 0.060083
0 0.474203 0.101078 0.030677 0.049678
0 0.519443 0.091028 0.027573 0.048981
