0 0.640599 0.130870 0.038906 0.060500
0 0.587839 0.137444 0.040885 0.065556
0 0.708281 0.141745 0.037188 0.055954
0 0.600495 0.192560 0.043385 0.076694
0 0.677448 0.185986 0.044271 0.066583
0 0.702031 0.258546 0.061667 0.105500
0 0.812396 0.289639 0.074688 0.106019
0 0.674583 0.406694 0.086979 0.130796
1 0.855755 0.598074 0.132448 0.212185
0 0.328208 0.241259 0.045875 0.070111
1 0.210562 0.771657 0.159125 0.354648
0 0.459974 0.643241 0.102406 0.229519
0 0.415432 0.239352 0.054260 0.082259
0 0.495833 0.250444 0.053646 0.098889
0 0.505094 0.170389 0.039813 0.060074
0 0.473328 0.103155 0.031260 0.049672
0 0.518859 0.092069 0.028740 0.051065
