0 0.639896 0.128852 0.038021 0.058481
0 0.588125 0.135171 0.039688 0.064046
0 0.707266 0.139218 0.037448 0.055954
0 0.599635 0.188509 0.042292 0.076685
0 0.676302 0.183204 0.043125 0.067074
0 0.700182 0.253991 0.060781 0.104500
0 0.808698 0.284333 0.074688 0.104481
0 0.671589 0.397333 0.084948 0.128259
1 0.845938 0.577593 0.127604 0.205630
0 0.328302 0.242824 0.045687 0.070463
1 0.196818 0.797454 0.166740 0.350833
0 0.456568 0.679806 0.106885 0.245130
0 0.413193 0.242630 0.055240 0.082593
0 0.495443 0.256333 0.054427 0.101667
0 0.504422 0.173162 0.040427 0.062157
0 0.472156 0.104195 0.031646 0.048980
0 0.518740 0.092934 0.029292 0.051409
