0 0.639297 0.127838 0.037448 0.057472
0 0.587839 0.134412 0.039115 0.062528
0 0.706719 0.137949 0.038021 0.055454
0 0.598932 0.186495 0.040885 0.075676
0 0.675443 0.181940 0.042552 0.068602
0 0.699323 0.252231 0.060729 0.103981
0 0.807135 0.282565 0.075000 0.103981
0 0.670312 0.393296 0.083542 0.127259
1 0.841510 0.568741 0.124479 0.203074
0 0.986078 0.555981 0.029927 0.120370
0 0.328594 0.244546 0.045875 0.070463
1 0.188435 0.806991 0.171026 0.340093
0 0.454130 0.700602 0.109823 0.253463
0 0.411828 0.244194 0.055635 0.082241
0 0.495052 0.259111 0.055208 0.103741
0 0.504214 0.174898 0.040010 0.064241
0 0.471276 0.104542 0.031844 0.048287
0 0.518844 0.093453 0.029500 0.051057
