0 0.638750 0.126824 0.036875 0.056463
0 0.587552 0.133653 0.038542 0.061009
0 0.706172 0.136685 0.038594 0.054944
0 0.598203 0.184468 0.039427 0.074657
0 0.674583 0.180681 0.041979 0.070120
0 0.698464 0.250463 0.060781 0.103481
0 0.805547 0.280796 0.075260 0.103481
0 0.669036 0.389250 0.082135 0.126241
1 0.837135 0.559898 0.121354 0.200574
0 0.984245 0.552037 0.033594 0.124704
0 0.328885 0.246287 0.046062 0.070463
1 0.180052 0.816528 0.175313 0.329352
0 0.451693 0.721398 0.112740 0.261759
0 0.410464 0.245759 0.056010 0.081889
0 0.494661 0.261870 0.055990 0.105815
0 0.504031 0.176625 0.039646 0.066306
0 0.470401 0.104888 0.032031 0.047594
0 0.518948 0.093975 0.029708 0.050717
