0 0.637604 0.124801 0.035729 0.054435
0 0.587005 0.132134 0.037448 0.057972
0 0.705026 0.134157 0.039740 0.053926
0 0.596797 0.180421 0.036615 0.072639
0 0.672865 0.178148 0.040833 0.073148
0 0.696771 0.246917 0.060729 0.102463
0 0.802422 0.277250 0.075885 0.102463
0 0.666458 0.381157 0.079271 0.124204
1 0.828307 0.542194 0.115052 0.195500
0 0.980578 0.544130 0.040927 0.133407
0 0.329469 0.249741 0.046458 0.070481
1 0.163292 0.835602 0.183896 0.307870
0 0.446818 0.762981 0.118594 0.278407
0 0.407740 0.248880 0.056792 0.081204
0 0.493885 0.267426 0.057542 0.109963
0 0.503641 0.180093 0.038865 0.070481
0 0.468651 0.105581 0.032427 0.046207
0 0.519130 0.095015 0.030073 0.050026
