0 0.637057 0.123796 0.035156 0.053426
0 0.586719 0.131380 0.036875 0.056463
0 0.704453 0.132898 0.040260 0.053426
0 0.596068 0.178403 0.035156 0.071639
0 0.672031 0.176889 0.040313 0.074667
0 0.695911 0.245148 0.060781 0.101963
0 0.800859 0.275481 0.076094 0.101963
0 0.665208 0.377120 0.077813 0.123204
1 0.823906 0.533361 0.111979 0.192981
0 0.978745 0.540185 0.044594 0.137741
0 0.329760 0.251472 0.046646 0.070463
1 0.154909 0.849204 0.188182 0.305296
0 0.444380 0.783769 0.121510 0.286722
0 0.406370 0.250444 0.057177 0.080852
0 0.493495 0.270194 0.058323 0.112056
0 0.503432 0.181819 0.038448 0.072546
0 0.467771 0.105929 0.032625 0.045513
0 0.519234 0.095533 0.030281 0.049674
