0 0.636615 0.121519 0.036042 0.057980
0 0.585417 0.127588 0.037708 0.061009
0 0.703151 0.129861 0.039427 0.056463
0 0.595651 0.173852 0.037760 0.068593
0 0.669870 0.170815 0.039427 0.068593
0 0.692500 0.236806 0.059063 0.097426
0 0.796172 0.267139 0.070156 0.097426
0 0.660495 0.358898 0.075260 0.123204
1 0.811120 0.507565 0.110260 0.189944
0 0.973245 0.528333 0.055594 0.150778
0 0.329177 0.250954 0.047813 0.073574
1 0.132097 0.877796 0.192848 0.248111
0 0.435906 0.835769 0.134958 0.253463
0 0.402865 0.258759 0.060687 0.082963
0 0.491453 0.280593 0.060115 0.112037
0 0.502557 0.187023 0.040198 0.070472
0 0.468062 0.107489 0.033208 0.048633
0 0.518365 0.099692 0.030875 0.055913
