0 0.634062 0.117725 0.036042 0.059494
0 0.582865 0.121516 0.036042 0.061006
0 0.699740 0.125306 0.037708 0.053426
0 0.595208 0.166269 0.036875 0.065574
0 0.666068 0.162477 0.038594 0.061009
0 0.686536 0.226940 0.057344 0.092861
0 0.786797 0.257287 0.065052 0.092870
0 0.652812 0.336157 0.073542 0.117130
1 0.791901 0.465093 0.100885 0.174778
0 0.962245 0.500778 0.077594 0.156111
0 0.326547 0.255639 0.050740 0.082944
0 0.394672 0.275389 0.063031 0.089185
0 0.487651 0.304509 0.063031 0.116204
0 0.501406 0.199500 0.043750 0.070481
0 0.466604 0.114766 0.033792 0.048635
0 0.516906 0.108009 0.032646 0.060074
