0 0.632083 0.116209 0.034896 0.057470
0 0.581589 0.117977 0.033490 0.055954
0 0.697057 0.122278 0.036302 0.048370
0 0.594531 0.162222 0.033750 0.065556
0 0.664193 0.158940 0.038281 0.060009
0 0.683125 0.222139 0.056771 0.091352
0 0.781094 0.252722 0.066146 0.092852
0 0.649245 0.327056 0.073281 0.110037
1 0.782214 0.442083 0.091198 0.161130
0 0.954911 0.479833 0.092260 0.145852
0 0.324302 0.261185 0.052500 0.088481
0 0.388432 0.286315 0.062635 0.094370
0 0.485219 0.322519 0.065187 0.122444
0 0.500719 0.208509 0.046271 0.073241
0 0.464557 0.120657 0.033594 0.047241
0 0.516422 0.112686 0.033615 0.057646
