0 0.632656 0.116207 0.033750 0.061511
0 0.581589 0.112922 0.033490 0.053933
0 0.694766 0.116208 0.034010 0.052417
0 0.591667 0.158171 0.034896 0.065546
0 0.663620 0.153880 0.037135 0.062019
0 0.679714 0.208991 0.054531 0.085278
0 0.777109 0.240602 0.067344 0.092870
0 0.646979 0.308861 0.068750 0.106019
1 0.769167 0.416806 0.083229 0.155056
0 0.948130 0.460574 0.105823 0.138148
0 0.950021 0.880333 0.102042 0.209259
0 0.323526 0.262574 0.052510 0.085704
0 0.382203 0.296704 0.065760 0.098519
0 0.482495 0.340546 0.069073 0.130759
0 0.499161 0.215440 0.049385 0.076009
0 0.463385 0.121352 0.032813 0.054185
0 0.516813 0.114767 0.032833 0.056263
