0 0.632500 0.115451 0.034063 0.062024
0 0.581458 0.111152 0.033750 0.054437
0 0.693646 0.114943 0.033438 0.053930
0 0.590833 0.155653 0.034896 0.063546
0 0.663203 0.151852 0.036302 0.062019
0 0.677708 0.204185 0.053333 0.082741
0 0.774714 0.237056 0.067031 0.092852
0 0.645156 0.302278 0.066771 0.105000
1 0.763750 0.406185 0.080938 0.154037
0 0.945578 0.453463 0.110927 0.138148
0 0.943464 0.853472 0.115156 0.213204
0 0.322937 0.264130 0.052896 0.084667
0 0.379083 0.303111 0.066542 0.098889
0 0.480839 0.350769 0.071219 0.135278
0 0.498375 0.219421 0.050542 0.077750
0 0.462703 0.122046 0.033010 0.054870
0 0.516708 0.116324 0.032625 0.057296
