0 0.632214 0.114694 0.034635 0.061520
0 0.581302 0.110646 0.034063 0.055448
0 0.693073 0.115197 0.033438 0.054439
0 0.590677 0.154130 0.034583 0.061519
0 0.662917 0.151097 0.035729 0.061509
0 0.676562 0.202667 0.052813 0.081741
0 0.773281 0.236546 0.066458 0.092870
0 0.643880 0.300259 0.065885 0.105000
1 0.761589 0.401889 0.080677 0.154556
0 0.944297 0.449907 0.113490 0.138148
0 0.940187 0.840037 0.121708 0.215185
0 0.322547 0.265352 0.053281 0.084333
0 0.377521 0.306926 0.066542 0.098185
0 0.479859 0.356481 0.072385 0.137704
0 0.497979 0.221671 0.050917 0.078769
0 0.462318 0.122565 0.033406 0.053833
0 0.516505 0.117363 0.032615 0.058681
