0 0.631641 0.113174 0.035781 0.060504
0 0.581016 0.109635 0.034635 0.057470
0 0.691927 0.115702 0.033438 0.055448
0 0.590391 0.151097 0.034010 0.057472
0 0.662344 0.149579 0.034583 0.060509
0 0.674323 0.199639 0.051667 0.079722
0 0.770417 0.235528 0.065313 0.092870
0 0.641302 0.296213 0.064167 0.105019
1 0.757344 0.393296 0.080104 0.155556
0 0.934635 0.442796 0.104375 0.138148
0 0.933630 0.813176 0.134823 0.219130
0 0.321766 0.267769 0.054073 0.083648
0 0.374406 0.314556 0.066542 0.096815
0 0.477911 0.367917 0.074719 0.142537
0 0.497208 0.226185 0.051729 0.080852
0 0.461536 0.123602 0.034177 0.051759
0 0.516130 0.119446 0.032635 0.061459
