0 0.631354 0.112417 0.036354 0.060000
0 0.580885 0.109130 0.034896 0.058481
0 0.691354 0.115956 0.033438 0.055957
0 0.590260 0.149579 0.033750 0.055454
0 0.662057 0.148824 0.034010 0.060000
0 0.673151 0.198125 0.051094 0.078713
0 0.769010 0.235037 0.064792 0.092852
0 0.640026 0.294185 0.063281 0.105000
1 0.755208 0.388991 0.079792 0.156056
0 0.932630 0.439241 0.105490 0.138148
0 0.930354 0.799741 0.141375 0.221111
0 0.321375 0.268981 0.054458 0.083296
0 0.372844 0.318370 0.066542 0.096111
0 0.476938 0.373639 0.075896 0.144981
0 0.496812 0.228435 0.052104 0.081907
0 0.461146 0.124125 0.034563 0.050713
0 0.515927 0.120484 0.032625 0.062846
