0 0.631068 0.111659 0.036927 0.059496
0 0.580729 0.108624 0.035208 0.059493
0 0.690807 0.116206 0.033490 0.056457
0 0.590104 0.148065 0.033438 0.053426
0 0.661797 0.148060 0.033490 0.059491
0 0.672031 0.196611 0.050521 0.077704
0 0.767604 0.234528 0.064167 0.092870
0 0.638750 0.292167 0.062500 0.105000
1 0.753099 0.384694 0.079531 0.156574
0 0.930630 0.435685 0.106594 0.138148
0 0.927078 0.786306 0.147927 0.223093
0 0.320990 0.270194 0.054854 0.082944
0 0.371281 0.322176 0.066542 0.095426
0 0.475958 0.379361 0.077063 0.147389
0 0.496417 0.230694 0.052479 0.082944
0 0.460760 0.124644 0.034958 0.049676
0 0.515724 0.121524 0.032615 0.064230
