0 0.629922 0.112164 0.034635 0.060506
0 0.580443 0.109130 0.033490 0.058481
0 0.690521 0.114183 0.034063 0.052411
0 0.589557 0.148065 0.032344 0.053426
0 0.661224 0.147556 0.032344 0.056463
0 0.671458 0.196611 0.049375 0.077704
0 0.764453 0.231500 0.062448 0.088815
0 0.637604 0.288630 0.063646 0.101963
1 0.749661 0.376611 0.079531 0.148481
0 0.926630 0.428574 0.108823 0.138148
0 0.920521 0.759444 0.161042 0.227037
0 0.319818 0.273306 0.056406 0.085019
0 0.368359 0.329796 0.066927 0.098185
0 0.474208 0.394944 0.079792 0.152259
0 0.495063 0.237620 0.051333 0.082944
0 0.459589 0.127764 0.035740 0.053139
0 0.515333 0.126028 0.033396 0.064926
