0 0.629349 0.112414 0.033490 0.061006
0 0.580313 0.109382 0.032604 0.057976
0 0.690391 0.113174 0.034323 0.050393
0 0.589271 0.148065 0.031771 0.053426
0 0.660937 0.147306 0.031771 0.054944
0 0.671172 0.196611 0.048802 0.077704
0 0.762891 0.229972 0.061615 0.086796
0 0.637031 0.286861 0.064167 0.100463
1 0.747943 0.372565 0.079531 0.144426
0 0.923734 0.424741 0.108115 0.137444
0 0.918365 0.747694 0.165354 0.226722
0 0.319234 0.274861 0.057177 0.086056
0 0.366896 0.333611 0.067125 0.099593
0 0.473328 0.402750 0.081156 0.154685
0 0.494380 0.241083 0.050740 0.082944
0 0.459000 0.129324 0.036125 0.054870
0 0.515141 0.128282 0.033781 0.065269
