0 0.627630 0.113173 0.030052 0.062524
0 0.579870 0.110141 0.030052 0.056459
0 0.689948 0.110142 0.035208 0.044328
0 0.588411 0.148065 0.030052 0.053426
0 0.660078 0.146546 0.030052 0.050389
0 0.670312 0.196611 0.047083 0.077704
0 0.758177 0.225426 0.059063 0.080741
0 0.635339 0.281556 0.065885 0.095889
1 0.742839 0.360426 0.079531 0.132296
0 0.915036 0.413231 0.106031 0.135315
0 0.901115 0.712435 0.156729 0.225833
0 0.317479 0.279556 0.059521 0.089185
0 0.362510 0.345056 0.067708 0.103741
0 0.470693 0.426130 0.085260 0.161963
0 0.492339 0.251481 0.048990 0.082926
0 0.457250 0.134000 0.037292 0.060074
0 0.514552 0.135042 0.034958 0.066306
