0 0.627370 0.112921 0.030052 0.061009
0 0.579870 0.109131 0.030052 0.056461
0 0.689375 0.110394 0.034583 0.045841
0 0.588255 0.146546 0.030885 0.054444
0 0.659661 0.145028 0.030365 0.051407
0 0.669453 0.194333 0.047135 0.076185
0 0.757083 0.224162 0.059063 0.080231
0 0.634479 0.278509 0.064792 0.094870
1 0.740729 0.356630 0.078125 0.131778
0 0.912141 0.409398 0.105344 0.134611
0 0.896823 0.700694 0.156750 0.225537
0 0.316891 0.280417 0.059135 0.089537
0 0.360849 0.349037 0.068677 0.106148
0 0.469234 0.433759 0.087406 0.165407
0 0.492042 0.254250 0.049583 0.085722
0 0.457057 0.135213 0.037302 0.059037
0 0.514760 0.135213 0.035375 0.066648
