0 0.626797 0.112418 0.030052 0.057980
0 0.579870 0.107106 0.030052 0.056456
0 0.688229 0.110898 0.033438 0.048870
0 0.587969 0.143514 0.032604 0.056454
0 0.658802 0.141995 0.030937 0.053417
0 0.667760 0.189778 0.047083 0.073148
0 0.754792 0.221634 0.059063 0.079213
0 0.632760 0.272444 0.062500 0.092852
1 0.736432 0.349056 0.075260 0.130778
0 0.906344 0.401722 0.103938 0.133222
0 0.888229 0.677185 0.156812 0.224926
0 0.315729 0.282148 0.058354 0.090222
0 0.357536 0.357009 0.070635 0.111019
0 0.466312 0.449009 0.091687 0.172352
0 0.491458 0.259796 0.050750 0.091259
0 0.456661 0.137634 0.037302 0.056954
0 0.515151 0.135560 0.036156 0.067343
