0 0.626536 0.112161 0.030052 0.056456
0 0.579870 0.106095 0.030052 0.056457
0 0.687656 0.111154 0.032917 0.050396
0 0.587839 0.141995 0.033490 0.057472
0 0.658359 0.140477 0.031198 0.054435
0 0.666901 0.187500 0.047135 0.071630
0 0.753646 0.220366 0.059063 0.078713
0 0.631927 0.269426 0.061354 0.091852
1 0.734323 0.345259 0.073854 0.130296
0 0.903448 0.397880 0.103250 0.132500
0 0.883932 0.665444 0.156844 0.224630
0 0.315141 0.283019 0.057969 0.090556
0 0.355880 0.360991 0.071615 0.113426
0 0.464844 0.456639 0.093833 0.175833
0 0.491167 0.262574 0.051333 0.094037
0 0.456469 0.138852 0.037292 0.055907
0 0.515333 0.135736 0.036521 0.067694
