0 0.626224 0.111909 0.030052 0.054941
0 0.579870 0.105085 0.030052 0.056459
0 0.687109 0.111406 0.032344 0.051909
0 0.587682 0.140481 0.034323 0.058481
0 0.657943 0.138963 0.031510 0.055444
0 0.666042 0.185222 0.047083 0.070111
0 0.752500 0.219102 0.059063 0.078204
0 0.631068 0.266380 0.060156 0.090833
1 0.732161 0.341463 0.072448 0.129778
0 0.900547 0.394046 0.102552 0.131796
0 0.879635 0.653694 0.156875 0.224315
0 0.314557 0.283880 0.057573 0.090907
0 0.354219 0.364972 0.072583 0.115870
0 0.463391 0.464259 0.095969 0.179296
0 0.490875 0.265343 0.051917 0.096796
0 0.456276 0.140065 0.037302 0.054870
0 0.515542 0.135907 0.036937 0.068037
