0 0.625807 0.110645 0.029740 0.052413
0 0.686250 0.110393 0.031771 0.052919
0 0.587266 0.137949 0.034635 0.059491
0 0.657656 0.136181 0.031458 0.055954
0 0.664766 0.181940 0.046823 0.069602
0 0.750104 0.215819 0.058229 0.076694
0 0.629661 0.260306 0.058490 0.088833
1 0.728906 0.333620 0.069896 0.126241
0 0.894297 0.385454 0.100885 0.129796
0 0.870547 0.629417 0.155156 0.215241
0 0.313385 0.285787 0.057583 0.090574
0 0.350521 0.373111 0.074521 0.118296
0 0.460854 0.481759 0.099479 0.187259
0 0.490094 0.270537 0.052708 0.099556
0 0.455885 0.141796 0.037687 0.054185
0 0.515734 0.137986 0.037698 0.068046
