0 0.625521 0.108626 0.029167 0.050396
0 0.685677 0.107868 0.031771 0.051913
0 0.586693 0.135931 0.033490 0.059491
0 0.657943 0.133653 0.030885 0.054935
0 0.663906 0.179921 0.046250 0.071639
0 0.747526 0.211769 0.056510 0.074648
0 0.628516 0.254241 0.057344 0.086778
1 0.726615 0.325546 0.067604 0.120167
0 0.888333 0.377870 0.099167 0.130778
0 0.859740 0.606148 0.149479 0.205111
0 0.312219 0.287870 0.058354 0.089185
0 0.346427 0.381435 0.076479 0.118278
0 0.458708 0.501509 0.102208 0.196278
0 0.489120 0.275398 0.053094 0.099574
0 0.455495 0.142833 0.038469 0.054870
0 0.515719 0.141796 0.038458 0.067352
