0 0.625234 0.106602 0.028594 0.048370
0 0.685104 0.105338 0.031771 0.050898
0 0.586120 0.133903 0.032344 0.059491
0 0.658229 0.131125 0.030313 0.053935
0 0.663047 0.177894 0.045677 0.073657
0 0.744974 0.207731 0.054844 0.072648
0 0.627370 0.248185 0.056198 0.084778
1 0.724375 0.317454 0.065313 0.114093
0 0.882344 0.370287 0.097500 0.131796
0 0.848932 0.582907 0.143802 0.195000
0 0.311047 0.289954 0.059135 0.087796
0 0.342339 0.389759 0.078427 0.118296
0 0.456568 0.521259 0.104948 0.205259
0 0.488141 0.280241 0.053490 0.099593
0 0.455104 0.143875 0.039250 0.055565
0 0.515734 0.145606 0.039260 0.066657
