0 0.625078 0.105591 0.030052 0.050393
0 0.683958 0.101796 0.033438 0.048870
0 0.585417 0.129861 0.029167 0.053426
0 0.658802 0.128343 0.030937 0.050389
0 0.661354 0.173852 0.044583 0.071630
0 0.741563 0.203426 0.053125 0.073148
0 0.624687 0.239083 0.054792 0.083759
1 0.718099 0.302787 0.064219 0.108019
0 0.872109 0.357389 0.092344 0.126222
0 0.832005 0.548509 0.133281 0.180833
0 0.800000 0.893796 0.185313 0.216111
0 0.308417 0.297222 0.061271 0.087111
0 0.334437 0.411583 0.082917 0.124537
0 0.449349 0.567019 0.110406 0.225370
0 0.485901 0.293583 0.058365 0.100611
0 0.453740 0.148551 0.039646 0.057991
0 0.514839 0.150116 0.040219 0.071509
