0 0.624818 0.103061 0.031198 0.054433
0 0.681693 0.097499 0.034635 0.047354
0 0.584688 0.125310 0.028333 0.050398
0 0.658073 0.126319 0.030625 0.046343
0 0.658932 0.168296 0.043698 0.067593
0 0.737448 0.198120 0.051667 0.072648
0 0.621120 0.228454 0.052240 0.080722
1 0.710703 0.287111 0.061927 0.105000
0 0.860286 0.341213 0.086927 0.120167
0 0.813099 0.509083 0.122240 0.166685
0 0.776693 0.826630 0.175677 0.265815
0 0.305396 0.306231 0.061854 0.088500
0 0.323719 0.440000 0.086813 0.132852
0 0.438729 0.634750 0.120333 0.256204
0 0.483172 0.312130 0.061865 0.104444
0 0.451792 0.153407 0.040417 0.058685
0 0.513385 0.154449 0.040417 0.076028
