0 0.624245 0.098004 0.030052 0.056456
0 0.678854 0.093457 0.033438 0.047363
0 0.584141 0.122278 0.031719 0.056463
0 0.655807 0.125310 0.028385 0.044324
0 0.656667 0.163236 0.043750 0.065565
0 0.733438 0.192056 0.050521 0.068593
0 0.618255 0.219356 0.048802 0.074657
1 0.706172 0.277000 0.057344 0.105000
0 0.851198 0.327056 0.084687 0.120185
0 0.798307 0.475704 0.115365 0.156556
0 0.755651 0.757852 0.156302 0.253667
0 0.303448 0.311778 0.059521 0.091259
0 0.313969 0.461481 0.087583 0.137000
0 0.429755 0.698528 0.132031 0.286722
0 0.481224 0.327370 0.059531 0.109963
0 0.450229 0.154792 0.041979 0.055917
0 0.512214 0.157912 0.039635 0.074620
