0 0.622969 0.092696 0.029167 0.054941
0 0.677161 0.088905 0.030052 0.047357
0 0.584557 0.116969 0.030885 0.048878
0 0.655391 0.120000 0.029219 0.042815
0 0.654531 0.154889 0.041146 0.064037
0 0.730911 0.184472 0.047135 0.068611
0 0.616563 0.214801 0.050521 0.077694
1 0.702318 0.269426 0.058177 0.105000
0 0.844375 0.320231 0.082917 0.115611
0 0.789766 0.454472 0.110260 0.147463
0 0.743698 0.709306 0.147813 0.238500
0 0.302573 0.315417 0.061271 0.094389
0 0.304906 0.482796 0.092854 0.148444
0 0.421281 0.758306 0.141979 0.314796
0 0.479177 0.339843 0.064792 0.112056
0 0.448766 0.154792 0.041406 0.057991
0 0.511630 0.161032 0.040802 0.076713
