0 0.621536 0.086882 0.028594 0.054439
0 0.674870 0.083849 0.027240 0.047357
0 0.584844 0.110646 0.029792 0.042300
0 0.654818 0.113427 0.030885 0.041794
0 0.652396 0.146042 0.039167 0.062528
0 0.727500 0.175616 0.044271 0.069102
0 0.614714 0.207222 0.051406 0.078704
1 0.697604 0.258287 0.057917 0.102981
0 0.835547 0.310120 0.080677 0.110574
0 0.778672 0.427417 0.104010 0.136870
0 0.728776 0.649898 0.135573 0.221796
0 0.300818 0.321481 0.063219 0.098889
0 0.292818 0.512778 0.100656 0.164037
0 0.408510 0.834306 0.156979 0.335093
0 0.476156 0.357352 0.070833 0.116556
0 0.446724 0.156009 0.041594 0.061111
0 0.510958 0.165713 0.042979 0.079833
