0 0.621380 0.086377 0.028906 0.055450
0 0.674297 0.083341 0.027760 0.047356
0 0.584687 0.109637 0.029479 0.043319
0 0.654687 0.112164 0.031771 0.042302
0 0.652396 0.145532 0.039688 0.062528
0 0.726641 0.174352 0.044844 0.069593
0 0.614583 0.204190 0.050521 0.076694
1 0.696771 0.254750 0.056771 0.100944
0 0.833568 0.306833 0.080156 0.110074
0 0.776120 0.421611 0.102865 0.135333
0 0.725781 0.639028 0.131875 0.220278
0 0.299938 0.323907 0.063417 0.100259
0 0.289802 0.521435 0.103188 0.168204
0 0.404224 0.844352 0.162052 0.315000
0 0.475182 0.362380 0.071615 0.118981
0 0.446135 0.157218 0.042375 0.062157
0 0.510849 0.167269 0.043927 0.080870
