0 0.621250 0.085872 0.029167 0.056459
0 0.673724 0.082838 0.028385 0.047361
0 0.584557 0.108625 0.029219 0.044324
0 0.654531 0.110901 0.032604 0.042809
0 0.652396 0.145032 0.040313 0.062528
0 0.725781 0.173093 0.045417 0.070111
0 0.614427 0.201153 0.049688 0.074657
1 0.695911 0.251213 0.055677 0.098944
0 0.831589 0.303546 0.079531 0.109537
0 0.773568 0.415796 0.101719 0.133815
0 0.722786 0.628148 0.128177 0.218778
0 0.299057 0.326324 0.063615 0.101648
0 0.286781 0.530102 0.105729 0.172352
0 0.399938 0.854407 0.167125 0.294889
0 0.474203 0.367407 0.072385 0.121407
0 0.445552 0.158426 0.043146 0.063185
0 0.510766 0.168829 0.044927 0.081898
