0 0.621094 0.085366 0.029479 0.057472
0 0.673151 0.082331 0.028906 0.047357
0 0.584401 0.107612 0.028906 0.045331
0 0.654401 0.109637 0.033490 0.043319
0 0.652396 0.144523 0.040833 0.062528
0 0.724922 0.171833 0.045990 0.070630
0 0.614297 0.198120 0.048802 0.072648
1 0.695052 0.247676 0.054479 0.096907
0 0.829583 0.300250 0.078958 0.109056
0 0.771016 0.409972 0.100573 0.132315
0 0.719792 0.617287 0.124479 0.217241
0 0.298182 0.328759 0.063802 0.103037
0 0.283755 0.538769 0.108260 0.176500
0 0.395651 0.864454 0.172198 0.274796
0 0.473229 0.372426 0.073167 0.123815
0 0.444964 0.159644 0.043927 0.064231
0 0.510656 0.170394 0.045875 0.082954
