0 0.620807 0.084355 0.030052 0.059494
0 0.672005 0.081321 0.030052 0.047357
0 0.584141 0.105590 0.028385 0.047357
0 0.654089 0.107107 0.035156 0.044322
0 0.652396 0.143514 0.041979 0.062528
0 0.723203 0.169296 0.047135 0.071630
0 0.614010 0.192056 0.047083 0.068593
1 0.693359 0.240602 0.052240 0.092870
0 0.825599 0.293685 0.077865 0.108037
0 0.765885 0.398352 0.098333 0.129259
0 0.713854 0.595546 0.117083 0.214204
0 0.296427 0.333611 0.064187 0.105815
0 0.277714 0.556083 0.113323 0.184833
0 0.387073 0.884556 0.182333 0.234593
0 0.471281 0.382472 0.074729 0.128685
0 0.443797 0.162069 0.045490 0.066306
0 0.510464 0.173505 0.047823 0.085028
