0 0.620547 0.083595 0.030052 0.057976
0 0.671875 0.079803 0.030313 0.047357
0 0.583854 0.104072 0.028333 0.047356
0 0.653542 0.105588 0.034063 0.046343
0 0.651536 0.141995 0.041406 0.062528
0 0.722370 0.167782 0.046510 0.070620
0 0.613307 0.190796 0.046823 0.069111
1 0.692214 0.238324 0.052240 0.092352
0 0.823906 0.290657 0.077292 0.107019
0 0.763307 0.393037 0.096615 0.128778
0 0.711406 0.585176 0.115625 0.206648
0 0.296130 0.335861 0.063219 0.106870
0 0.273719 0.566843 0.115083 0.186204
0 0.470797 0.389750 0.075698 0.130759
0 0.443115 0.162417 0.045292 0.066315
0 0.510083 0.175236 0.047854 0.085713
