0 0.620234 0.082836 0.030052 0.056457
0 0.671719 0.078285 0.030625 0.047356
0 0.583568 0.102555 0.028385 0.047354
0 0.652969 0.104074 0.032917 0.048370
0 0.650703 0.140477 0.040885 0.062528
0 0.721510 0.166269 0.045937 0.069611
0 0.612578 0.189528 0.046510 0.069611
1 0.691068 0.236037 0.052240 0.091852
0 0.822187 0.287620 0.076667 0.106019
0 0.760781 0.387741 0.094896 0.128259
0 0.708984 0.574806 0.114219 0.199056
0 0.295844 0.338120 0.062250 0.107907
0 0.269719 0.577583 0.116833 0.187611
0 0.470307 0.397028 0.076677 0.132833
0 0.442432 0.162769 0.045094 0.066315
0 0.509682 0.176977 0.047823 0.086417
