0 0.619974 0.082077 0.030052 0.054939
0 0.671589 0.076768 0.030885 0.047354
0 0.583281 0.101042 0.028333 0.047361
0 0.652396 0.102556 0.031771 0.050389
0 0.649844 0.138958 0.040313 0.062528
0 0.720677 0.164755 0.045417 0.068602
0 0.611875 0.188259 0.046250 0.070111
1 0.689922 0.233769 0.052240 0.091352
0 0.820495 0.284593 0.076094 0.105000
0 0.758203 0.382417 0.093177 0.127759
0 0.706562 0.564444 0.112812 0.191481
0 0.295552 0.340361 0.061271 0.108944
0 0.265729 0.588324 0.118583 0.188981
0 0.469823 0.404315 0.077646 0.134926
0 0.441745 0.163106 0.044906 0.066306
0 0.509302 0.178704 0.047854 0.087111
