0 0.619401 0.080563 0.030052 0.051911
0 0.671302 0.073737 0.031458 0.047359
0 0.582708 0.098006 0.028333 0.047359
0 0.651250 0.099522 0.029479 0.054437
0 0.648125 0.135931 0.039167 0.062528
0 0.718958 0.161713 0.044271 0.066574
0 0.610443 0.185731 0.045677 0.071130
1 0.687682 0.229208 0.052240 0.090324
0 0.817083 0.278519 0.075000 0.102963
0 0.753073 0.371815 0.089792 0.126741
0 0.701745 0.543713 0.109948 0.176278
0 0.294964 0.344880 0.059323 0.111019
0 0.257734 0.609806 0.122094 0.191759
0 0.468844 0.418861 0.079604 0.139093
0 0.440380 0.163806 0.044510 0.066315
0 0.508521 0.182176 0.047854 0.088500
