0 0.612786 0.136380 0.033698 0.045389
0 0.631823 0.219824 0.044583 0.062315
0 0.398484 0.178708 0.037781 0.052657
0 0.469911 0.140005 0.030969 0.052639
0 0.520250 0.115818 0.028250 0.047809
0 0.622969 0.292380 0.062292 0.091352
0 0.782839 0.450815 0.104427 0.137296
0 0.505281 0.078326 0.022812 0.040552
0 0.718229 0.623750 0.133021 0.217130
0 0.531823 0.084371 0.021458 0.038128
1 0.493719 0.060185 0.021437 0.052648
0 0.927333 0.429630 0.147417 0.403630
0 0.720745 0.253966 0.121927 0.244031
0 0.270302 0.428972 0.191708 0.412315
