0 0.613099 0.135972 0.033906 0.043778
0 0.631693 0.218815 0.044323 0.062741
0 0.397917 0.180519 0.038000 0.053852
0 0.469458 0.141616 0.030979 0.052639
0 0.520031 0.117630 0.028271 0.048204
0 0.622526 0.290176 0.061823 0.091759
0 0.781250 0.446380 0.103125 0.138093
0 0.505057 0.079335 0.023260 0.040959
0 0.715964 0.616500 0.131198 0.214704
0 0.531380 0.086188 0.020990 0.037735
1 0.493495 0.061395 0.022365 0.051839
0 0.926854 0.428185 0.148375 0.402037
0 0.719745 0.252581 0.121260 0.241654
0 0.266297 0.438065 0.195927 0.421019
