0 0.613437 0.135569 0.034167 0.042157
0 0.631589 0.217806 0.044115 0.063130
0 0.397349 0.182333 0.038240 0.055074
0 0.469005 0.143231 0.030969 0.052648
0 0.519786 0.119444 0.028240 0.048611
0 0.622083 0.287954 0.061354 0.092167
0 0.779661 0.441944 0.101719 0.138889
0 0.504828 0.080341 0.023719 0.041356
0 0.713672 0.609250 0.129427 0.212278
0 0.530917 0.088002 0.020562 0.037330
1 0.493266 0.062604 0.023260 0.051033
0 0.926375 0.426731 0.149333 0.400463
0 0.718745 0.251194 0.120594 0.239278
0 0.262297 0.447148 0.200156 0.429704
