0 0.613802 0.135167 0.034375 0.040556
0 0.631484 0.216796 0.043906 0.063519
0 0.396781 0.184153 0.038458 0.056287
0 0.468552 0.144843 0.030979 0.052648
0 0.519573 0.121259 0.028250 0.049019
0 0.621615 0.285741 0.060937 0.092556
0 0.778073 0.437509 0.100312 0.139722
0 0.504604 0.081350 0.024167 0.041763
0 0.711406 0.601991 0.127604 0.209870
0 0.530464 0.089816 0.020115 0.036924
1 0.493036 0.063813 0.024177 0.050226
0 0.925891 0.425296 0.150302 0.398889
0 0.717745 0.249818 0.119927 0.236920
0 0.258302 0.456231 0.204375 0.438389
