0 0.614115 0.134764 0.034583 0.038935
0 0.631354 0.215792 0.043646 0.063935
0 0.396214 0.185963 0.038677 0.057481
0 0.468099 0.146454 0.030969 0.052648
0 0.519354 0.123074 0.028271 0.049426
0 0.621172 0.283509 0.060469 0.092944
0 0.776484 0.433083 0.099010 0.140537
0 0.504375 0.082356 0.024625 0.042159
0 0.709141 0.594731 0.125781 0.207463
0 0.529990 0.091629 0.019604 0.036520
1 0.492807 0.065023 0.025073 0.049420
0 0.925411 0.423843 0.151260 0.397315
0 0.716745 0.248432 0.119260 0.234543
0 0.254297 0.465324 0.208594 0.447093
