0 0.614453 0.134361 0.034844 0.037333
0 0.631250 0.214778 0.043438 0.064333
0 0.395646 0.187778 0.038917 0.058704
0 0.467646 0.148065 0.030979 0.052648
0 0.519109 0.124884 0.028240 0.049824
0 0.620677 0.281296 0.060000 0.093370
0 0.774896 0.428648 0.097604 0.141333
0 0.504146 0.083365 0.025083 0.042567
0 0.706875 0.587472 0.123958 0.205019
0 0.529531 0.093443 0.019167 0.036115
1 0.492589 0.066232 0.025990 0.048613
0 0.924927 0.422389 0.152229 0.395741
0 0.715745 0.247046 0.118594 0.232167
0 0.250297 0.474407 0.212823 0.455778
