0 0.614349 0.132343 0.034115 0.038944
0 0.631484 0.211162 0.042969 0.064343
0 0.394510 0.189588 0.039375 0.060713
0 0.466958 0.150083 0.031875 0.051833
0 0.518557 0.126296 0.028510 0.050222
0 0.619896 0.275657 0.058438 0.092574
0 0.771953 0.420380 0.095365 0.141722
0 0.503812 0.084374 0.025750 0.042974
0 0.702448 0.572352 0.121458 0.200593
0 0.528990 0.095256 0.019417 0.035711
1 0.492021 0.066837 0.026208 0.047404
0 0.923964 0.419491 0.154156 0.392574
0 0.713745 0.244284 0.117260 0.227431
0 0.242297 0.492583 0.221260 0.473167
