0 0.613906 0.130731 0.033229 0.042167
0 0.631797 0.208532 0.042760 0.063935
0 0.393948 0.189593 0.039583 0.061519
0 0.466734 0.150486 0.032802 0.051028
0 0.518203 0.125894 0.028698 0.050231
0 0.619583 0.272222 0.057292 0.091333
0 0.770573 0.416556 0.094479 0.141333
0 0.503693 0.084374 0.025990 0.042974
0 0.700286 0.564491 0.120781 0.198574
0 0.528865 0.095256 0.020083 0.035711
1 0.491677 0.066232 0.025521 0.047002
0 0.923484 0.418046 0.155115 0.390981
0 0.712745 0.242898 0.116594 0.225056
0 0.238297 0.501667 0.225490 0.481852
