0 0.613464 0.129120 0.032344 0.045389
0 0.632161 0.205917 0.042552 0.063537
0 0.393380 0.189593 0.039823 0.062333
0 0.466510 0.150889 0.033688 0.050222
0 0.517870 0.125491 0.028948 0.050222
0 0.619219 0.268806 0.056146 0.090130
0 0.769219 0.412722 0.093542 0.140926
0 0.503583 0.084374 0.026208 0.042974
0 0.698125 0.556630 0.120104 0.196556
0 0.528740 0.095256 0.020750 0.035711
1 0.491339 0.065627 0.024844 0.046598
0 0.923000 0.416593 0.156083 0.389407
0 0.712021 0.241620 0.115813 0.224870
0 0.231245 0.515787 0.234260 0.500611
