0 0.612995 0.127509 0.031406 0.048611
0 0.632500 0.203301 0.042292 0.063139
0 0.392813 0.189588 0.040042 0.063120
0 0.466281 0.151292 0.034604 0.049417
0 0.517516 0.125088 0.029135 0.050231
0 0.618906 0.265389 0.055000 0.088926
0 0.767891 0.408880 0.092656 0.140537
0 0.503469 0.084374 0.026437 0.042974
0 0.695990 0.548778 0.119375 0.194556
0 0.528641 0.095256 0.021469 0.035711
1 0.491000 0.065023 0.024167 0.046194
0 0.922521 0.415148 0.157042 0.387815
0 0.711302 0.240333 0.115042 0.224667
0 0.224188 0.529917 0.243042 0.519389
