0 0.612552 0.125894 0.030521 0.051843
0 0.632812 0.200676 0.042083 0.062722
0 0.392245 0.189588 0.040260 0.063935
0 0.466052 0.151694 0.035500 0.048611
0 0.517182 0.124685 0.029385 0.050222
0 0.618542 0.261944 0.053854 0.087704
0 0.766510 0.405065 0.091771 0.140130
0 0.503354 0.084374 0.026667 0.042974
0 0.693828 0.540907 0.118698 0.192519
0 0.528521 0.095256 0.022125 0.035711
1 0.490661 0.064419 0.023490 0.045793
0 0.922042 0.413694 0.158000 0.386241
0 0.710578 0.239046 0.114260 0.224463
0 0.217132 0.544037 0.251820 0.538148
