0 0.613099 0.121861 0.030260 0.052648
0 0.632161 0.194431 0.039844 0.062324
0 0.388615 0.192009 0.041167 0.067167
0 0.464807 0.155727 0.035740 0.055065
0 0.517870 0.129120 0.033010 0.052648
0 0.617526 0.252481 0.052760 0.084074
0 0.760729 0.392157 0.087396 0.133648
0 0.502901 0.087397 0.024844 0.041761
0 0.686927 0.515519 0.112604 0.184481
0 0.528401 0.086789 0.020073 0.033293
1 0.489635 0.066231 0.022812 0.047807
0 0.914115 0.701759 0.130312 0.259444
0 0.777734 0.901222 0.201719 0.201259
0 0.920115 0.407907 0.161854 0.379926
0 0.707688 0.233917 0.111146 0.223685
0 0.188910 0.600528 0.286930 0.613204
