0 0.613437 0.121056 0.030521 0.051833
0 0.631823 0.193222 0.039167 0.062333
0 0.387594 0.192815 0.041396 0.067963
0 0.464469 0.156935 0.035500 0.057481
0 0.518198 0.130731 0.034125 0.053444
0 0.617318 0.250463 0.052760 0.083296
0 0.759245 0.389139 0.086302 0.131648
0 0.502786 0.088405 0.024177 0.041357
0 0.685339 0.509676 0.110781 0.182463
0 0.528422 0.083969 0.019198 0.032487
1 0.489406 0.067039 0.022812 0.048615
0 0.911172 0.693083 0.135260 0.257426
0 0.775781 0.892361 0.201042 0.218981
0 0.919630 0.406454 0.162823 0.378352
0 0.706969 0.232630 0.110375 0.223481
0 0.181854 0.614657 0.295708 0.631981
