0 0.613802 0.120250 0.030729 0.051037
0 0.631458 0.192005 0.038437 0.062324
0 0.386578 0.193616 0.041635 0.068769
0 0.464130 0.158144 0.035281 0.059898
0 0.518552 0.132343 0.035292 0.054259
0 0.617057 0.248444 0.052760 0.082481
0 0.757786 0.386120 0.085156 0.129648
0 0.502682 0.089411 0.023490 0.040956
0 0.683750 0.503824 0.108958 0.180426
0 0.528417 0.081149 0.018271 0.031683
1 0.489187 0.067845 0.022812 0.049420
0 0.908229 0.684426 0.140312 0.255407
0 0.773880 0.883491 0.200365 0.236722
0 0.919151 0.405009 0.163781 0.376759
0 0.706245 0.231343 0.109594 0.223278
0 0.174798 0.628778 0.304486 0.650741
