0 0.614141 0.119444 0.030990 0.050222
0 0.631120 0.190801 0.037760 0.062324
0 0.385557 0.194431 0.041865 0.069583
0 0.463786 0.159356 0.035052 0.062324
0 0.518880 0.133958 0.036406 0.055065
0 0.616849 0.246426 0.052760 0.081667
0 0.756302 0.383083 0.084062 0.127611
0 0.502563 0.090419 0.022812 0.040552
0 0.682161 0.497981 0.107135 0.178407
0 0.528406 0.078326 0.017354 0.030878
1 0.488958 0.068651 0.022812 0.050228
0 0.905286 0.675750 0.145260 0.253389
0 0.771927 0.874620 0.199687 0.254463
0 0.918667 0.403556 0.164750 0.375185
0 0.705521 0.230065 0.108812 0.223093
0 0.162708 0.642898 0.323333 0.669500
