0 0.614010 0.118032 0.030729 0.049824
0 0.631224 0.188375 0.037552 0.060694
0 0.384760 0.194833 0.043458 0.068778
0 0.463339 0.159759 0.035052 0.061519
0 0.518198 0.134361 0.035479 0.054259
0 0.616484 0.243000 0.051615 0.082074
0 0.754948 0.379861 0.083542 0.125204
0 0.502339 0.090419 0.023719 0.040552
0 0.680677 0.491528 0.106042 0.174389
0 0.528073 0.082156 0.018958 0.032893
1 0.488844 0.068852 0.023500 0.050630
0 0.904375 0.669111 0.146667 0.248963
0 0.767656 0.860611 0.196042 0.253037
0 0.918187 0.402111 0.165708 0.373593
0 0.704854 0.227892 0.107938 0.220328
0 0.161266 0.648139 0.320448 0.661796
