0 0.613906 0.116623 0.030521 0.049420
0 0.631354 0.185968 0.037292 0.059102
0 0.383974 0.195236 0.045031 0.067972
0 0.462880 0.160162 0.035052 0.060713
0 0.517536 0.134764 0.034615 0.053454
0 0.616172 0.239574 0.050469 0.082481
0 0.753594 0.376639 0.083125 0.122796
0 0.502109 0.090419 0.024635 0.040552
0 0.679219 0.485074 0.104896 0.170370
0 0.527740 0.085983 0.020562 0.034904
1 0.488729 0.069056 0.024167 0.051037
0 0.903464 0.662454 0.147969 0.244537
0 0.763333 0.850722 0.192396 0.259852
0 0.917708 0.400657 0.166667 0.372019
0 0.704187 0.225719 0.107042 0.217561
0 0.159818 0.653370 0.317552 0.654111
