0 0.613672 0.113803 0.030052 0.048617
0 0.631589 0.181120 0.036823 0.055870
0 0.382380 0.196042 0.048219 0.066361
0 0.461974 0.160968 0.035052 0.059102
0 0.516161 0.135569 0.032781 0.051843
0 0.615495 0.232731 0.048177 0.083278
0 0.750859 0.370194 0.082240 0.117944
0 0.501656 0.090419 0.026437 0.040552
0 0.676250 0.472185 0.102604 0.162296
0 0.527047 0.093643 0.023719 0.038937
1 0.488500 0.069458 0.025542 0.051843
0 0.901667 0.649148 0.150729 0.235667
0 0.754714 0.830981 0.185156 0.273593
0 0.916745 0.397769 0.168594 0.368870
0 0.702854 0.221373 0.105271 0.212031
0 0.156932 0.663843 0.311781 0.638685
