0 0.613568 0.112387 0.029844 0.048207
0 0.631693 0.178704 0.036615 0.054259
0 0.381589 0.196444 0.049802 0.065556
0 0.461516 0.161370 0.035052 0.058296
0 0.515479 0.135972 0.031854 0.051037
0 0.615156 0.229287 0.047083 0.083685
0 0.749479 0.366963 0.081771 0.115519
0 0.501432 0.090419 0.027344 0.040552
0 0.674766 0.465731 0.101510 0.158278
0 0.526719 0.097475 0.025313 0.040957
1 0.488391 0.069657 0.026219 0.052241
0 0.900755 0.642491 0.152031 0.231241
0 0.750417 0.821093 0.181563 0.280407
0 0.916260 0.396315 0.169563 0.367296
0 0.702188 0.219201 0.104375 0.209265
0 0.155484 0.669074 0.308885 0.631000
