0 0.613438 0.110977 0.029583 0.047806
0 0.631797 0.176287 0.036406 0.052648
0 0.380797 0.196847 0.051385 0.064750
0 0.461068 0.161773 0.035052 0.057491
0 0.514818 0.136375 0.030990 0.050231
0 0.614792 0.225875 0.045937 0.084102
0 0.748151 0.363741 0.081302 0.113111
0 0.501198 0.090419 0.028250 0.040552
0 0.673307 0.459278 0.100365 0.154222
0 0.526359 0.101303 0.026865 0.042969
1 0.488271 0.069861 0.026896 0.052648
0 0.899844 0.635843 0.153438 0.226796
0 0.746094 0.811194 0.177917 0.287241
0 0.915781 0.394870 0.170521 0.365704
0 0.701521 0.217028 0.103479 0.206500
0 0.154042 0.674306 0.306000 0.623278
