0 0.613229 0.108361 0.029167 0.047407
0 0.631823 0.174069 0.036875 0.053046
0 0.379318 0.196847 0.051156 0.063935
0 0.460609 0.162181 0.035052 0.057491
0 0.514589 0.136176 0.031448 0.050630
0 0.615130 0.223653 0.046615 0.082880
0 0.747109 0.359704 0.081510 0.113111
0 0.501203 0.089411 0.027802 0.040956
0 0.671953 0.453435 0.099427 0.153833
0 0.526370 0.100699 0.026427 0.042565
1 0.487937 0.068852 0.027125 0.053852
0 0.895417 0.626574 0.152292 0.224370
0 0.742708 0.797093 0.173854 0.283222
0 0.915297 0.393417 0.171490 0.364130
0 0.700854 0.214855 0.102604 0.203735
0 0.152599 0.679546 0.303115 0.615574
