0 0.612760 0.103118 0.028229 0.046598
0 0.631797 0.169639 0.037760 0.053870
0 0.376370 0.196843 0.050698 0.062315
0 0.459703 0.162981 0.035052 0.057481
0 0.514135 0.135773 0.032354 0.051435
0 0.615807 0.219218 0.047969 0.080454
0 0.745078 0.351648 0.082031 0.113111
0 0.501203 0.087397 0.026885 0.041761
0 0.669245 0.441741 0.097656 0.153037
0 0.526359 0.099490 0.025510 0.041761
1 0.487255 0.066836 0.027573 0.056272
0 0.886563 0.608028 0.150000 0.219537
0 0.735911 0.768880 0.165677 0.275167
0 0.914333 0.390519 0.173417 0.360963
0 0.699521 0.210509 0.100812 0.198204
0 0.149708 0.690009 0.297333 0.600167
