0 0.612083 0.094049 0.026875 0.046198
0 0.631120 0.158949 0.038698 0.055065
0 0.370359 0.197648 0.052281 0.061519
0 0.456984 0.165403 0.035052 0.059898
0 0.512771 0.137181 0.034146 0.053454
0 0.615703 0.206519 0.047760 0.074407
0 0.740208 0.335519 0.080833 0.113111
0 0.500521 0.083970 0.026000 0.047004
0 0.662656 0.413324 0.091771 0.146167
0 0.526370 0.099691 0.025073 0.041359
1 0.485781 0.065428 0.026437 0.058293
0 0.866302 0.566519 0.140729 0.207444
0 0.718437 0.696315 0.148021 0.254185
0 0.912297 0.382556 0.177490 0.353444
0 0.694187 0.202806 0.097708 0.192278
0 0.134708 0.722111 0.267333 0.534000
