0 0.612083 0.092840 0.026875 0.047006
0 0.630469 0.154921 0.038229 0.055065
0 0.368771 0.198454 0.054562 0.063130
0 0.455625 0.166616 0.035062 0.062324
0 0.512083 0.139194 0.034583 0.054259
0 0.614583 0.200468 0.045521 0.071991
0 0.738385 0.331491 0.079063 0.113093
0 0.499839 0.083567 0.026448 0.051033
0 0.660156 0.402444 0.088542 0.140519
0 0.526380 0.101706 0.025990 0.042161
1 0.485333 0.067040 0.024625 0.056680
0 0.859245 0.552806 0.134844 0.202611
0 0.711172 0.666083 0.142552 0.245352
0 0.911521 0.379296 0.179042 0.350481
0 0.691854 0.200040 0.096604 0.190698
0 0.127932 0.735546 0.253781 0.504759
