0 0.612083 0.091631 0.026875 0.047811
0 0.629766 0.150884 0.037760 0.055065
0 0.367188 0.199259 0.056813 0.064741
0 0.454260 0.167819 0.035062 0.064731
0 0.511417 0.141213 0.035083 0.055056
0 0.613437 0.194431 0.043229 0.069583
0 0.736589 0.327463 0.077240 0.113111
0 0.499161 0.083163 0.026885 0.055063
0 0.657656 0.391546 0.085417 0.134870
0 0.526359 0.103720 0.026865 0.042967
1 0.484875 0.068652 0.022812 0.055067
0 0.852214 0.539102 0.128906 0.197759
0 0.703906 0.635843 0.137083 0.236463
0 0.526365 0.071069 0.018729 0.035713
0 0.910745 0.376037 0.180594 0.347519
0 0.689521 0.197275 0.095479 0.189117
0 0.121151 0.748972 0.240219 0.475537
