0 0.612083 0.090821 0.025937 0.046191
0 0.628646 0.150481 0.034583 0.054259
0 0.364245 0.201278 0.057281 0.063926
0 0.452906 0.171051 0.036875 0.064750
0 0.510958 0.145245 0.035062 0.055065
0 0.613672 0.191611 0.041823 0.068778
0 0.734297 0.323019 0.074531 0.107481
0 0.499161 0.085984 0.025990 0.052643
0 0.654948 0.384704 0.081771 0.130852
0 0.525458 0.106949 0.025958 0.042972
1 0.483745 0.069861 0.024177 0.054259
0 0.846328 0.532241 0.128073 0.193741
0 0.699844 0.618917 0.132604 0.226796
0 0.527062 0.073892 0.019208 0.036520
0 0.909964 0.372778 0.182156 0.344556
0 0.687187 0.194509 0.094375 0.187537
0 0.114375 0.762407 0.226667 0.446296
