0 0.612083 0.090016 0.025104 0.044580
0 0.627500 0.150079 0.031458 0.053454
0 0.361292 0.203301 0.057729 0.063139
0 0.451542 0.174264 0.038687 0.064731
0 0.510495 0.149273 0.035052 0.055065
0 0.613906 0.188787 0.040521 0.067981
0 0.732031 0.318583 0.071771 0.101833
0 0.499156 0.088806 0.025083 0.050222
0 0.652240 0.377843 0.078125 0.126833
0 0.524552 0.110172 0.025062 0.042970
1 0.482609 0.071069 0.025531 0.053454
0 0.840443 0.525389 0.127135 0.189704
0 0.695781 0.601981 0.128021 0.217111
0 0.527729 0.076715 0.019646 0.037330
0 0.909187 0.369519 0.183708 0.341593
0 0.686188 0.192929 0.094146 0.185957
0 0.101042 0.786315 0.200000 0.402444
