0 0.612083 0.089210 0.024167 0.042969
0 0.626380 0.149676 0.028281 0.052648
0 0.358344 0.205306 0.058187 0.062315
0 0.450182 0.177495 0.040490 0.064750
0 0.510036 0.153310 0.035031 0.055065
0 0.614141 0.185958 0.039115 0.067157
0 0.729792 0.314157 0.069062 0.096167
0 0.499161 0.091631 0.024177 0.047811
0 0.649505 0.371000 0.074531 0.122778
0 0.523646 0.113396 0.024167 0.042967
1 0.481474 0.072280 0.026885 0.052644
0 0.834531 0.518537 0.126250 0.185667
0 0.691693 0.585056 0.123490 0.207444
0 0.528401 0.079535 0.020073 0.038133
0 0.908411 0.366259 0.185260 0.338630
0 0.685188 0.191349 0.093938 0.184376
0 0.087708 0.810204 0.173333 0.358593
