0 0.611875 0.089613 0.025521 0.043774
0 0.626146 0.146856 0.027813 0.050231
0 0.355849 0.206523 0.058635 0.063139
0 0.449276 0.181532 0.039594 0.064750
0 0.509807 0.157338 0.035490 0.056676
0 0.614349 0.183546 0.038698 0.067167
0 0.727943 0.310926 0.070885 0.099407
0 0.499156 0.092437 0.025083 0.046200
0 0.648125 0.363731 0.075417 0.121167
0 0.523661 0.116625 0.026010 0.046194
1 0.480797 0.074696 0.027344 0.052644
0 0.829531 0.507657 0.124375 0.183241
0 0.688047 0.567722 0.119844 0.203407
0 0.528401 0.081551 0.020073 0.035713
0 0.907630 0.363000 0.186823 0.335667
0 0.684188 0.189769 0.093708 0.182796
0 0.074375 0.839296 0.146667 0.325111
