0 0.611745 0.089817 0.026198 0.044181
0 0.626016 0.145444 0.027552 0.049019
0 0.354609 0.207125 0.058865 0.063528
0 0.448818 0.183542 0.039135 0.064731
0 0.509698 0.159352 0.035708 0.057481
0 0.614479 0.182329 0.038437 0.067157
0 0.727057 0.309324 0.071823 0.101019
0 0.499161 0.092840 0.025531 0.045394
0 0.647474 0.360111 0.075885 0.120370
0 0.523646 0.118236 0.026875 0.047806
1 0.480453 0.075908 0.027573 0.052646
0 0.827057 0.502213 0.123490 0.182056
0 0.686224 0.559046 0.118073 0.201389
0 0.528401 0.082561 0.020073 0.034507
0 0.907245 0.361370 0.187594 0.334185
0 0.683687 0.188979 0.093604 0.182006
0 0.067708 0.850750 0.133333 0.302204
