0 0.611276 0.090219 0.027552 0.044987
0 0.625443 0.140606 0.027344 0.044991
0 0.350297 0.210352 0.059781 0.065963
0 0.447005 0.191005 0.039135 0.066769
0 0.509255 0.167218 0.037115 0.061120
0 0.615026 0.177296 0.038698 0.065963
0 0.723880 0.302269 0.073177 0.103833
0 0.498818 0.095056 0.027115 0.044183
0 0.644531 0.346407 0.076771 0.119556
0 0.523542 0.123880 0.028958 0.051833
1 0.478979 0.080343 0.028708 0.054259
0 0.816380 0.480852 0.119427 0.174778
0 0.678750 0.525194 0.110313 0.190907
0 0.528292 0.086185 0.020292 0.031278
0 0.905630 0.354704 0.190823 0.327519
0 0.681578 0.185713 0.092490 0.179426
