0 0.611068 0.089817 0.026198 0.044181
0 0.625000 0.139398 0.028229 0.044185
0 0.349161 0.213171 0.060219 0.068361
0 0.446104 0.193824 0.041854 0.070796
0 0.509010 0.170843 0.038437 0.063537
0 0.615495 0.174463 0.040469 0.063519
0 0.722969 0.297833 0.070417 0.099815
0 0.498141 0.097071 0.027573 0.046598
0 0.642682 0.340750 0.075885 0.122796
0 0.523302 0.125491 0.027563 0.050222
1 0.478078 0.081954 0.029615 0.057481
0 0.810052 0.470769 0.116667 0.167537
0 0.674661 0.509463 0.105781 0.182037
0 0.528062 0.087394 0.020750 0.032081
0 0.904745 0.351148 0.192594 0.323037
0 0.680354 0.183942 0.090937 0.179043
