0 0.610286 0.088002 0.023281 0.040552
0 0.623880 0.135167 0.029635 0.041352
0 0.344740 0.218208 0.060917 0.071991
0 0.442698 0.203296 0.044583 0.076037
0 0.507771 0.179912 0.040500 0.069583
0 0.616615 0.169431 0.040521 0.061509
0 0.720260 0.286750 0.066354 0.094574
0 0.496667 0.101306 0.028250 0.051037
0 0.637943 0.326250 0.073177 0.123574
0 0.522052 0.129523 0.026417 0.044583
1 0.476708 0.085181 0.030979 0.060713
0 0.795286 0.448398 0.106719 0.153426
0 0.666302 0.474204 0.097187 0.166333
0 0.528396 0.091226 0.022792 0.035715
0 0.923411 0.794259 0.113490 0.287222
0 0.895042 0.342259 0.182083 0.311852
0 0.677302 0.179494 0.087042 0.178050
