0 0.610052 0.087395 0.022812 0.039339
0 0.623646 0.133958 0.029583 0.040546
0 0.343380 0.218611 0.060906 0.072000
0 0.441677 0.205912 0.043896 0.075620
0 0.507312 0.181731 0.040479 0.070796
0 0.616849 0.169028 0.039115 0.062315
0 0.719583 0.284528 0.066354 0.094981
0 0.496437 0.101910 0.028250 0.051439
0 0.636901 0.323231 0.072448 0.121574
0 0.521604 0.130329 0.026896 0.042972
1 0.476708 0.085584 0.030979 0.059906
0 0.792708 0.444778 0.103750 0.151815
0 0.665156 0.468343 0.096250 0.165130
0 0.528760 0.092233 0.023521 0.036922
0 0.921953 0.783389 0.115990 0.282444
0 0.894078 0.340481 0.181927 0.309593
0 0.676687 0.178608 0.086271 0.177857
