0 0.609375 0.085581 0.021458 0.035709
0 0.622969 0.130329 0.029583 0.038139
0 0.339297 0.219829 0.060906 0.072009
0 0.438620 0.213773 0.041865 0.074417
0 0.505958 0.187176 0.040479 0.074426
0 0.617526 0.167819 0.035052 0.064731
0 0.717526 0.277870 0.066302 0.096185
0 0.495760 0.103723 0.028250 0.052646
0 0.633854 0.314157 0.070417 0.115537
0 0.520250 0.132750 0.028250 0.038130
1 0.476708 0.086794 0.030979 0.057487
0 0.784870 0.433880 0.094948 0.146981
0 0.661745 0.450815 0.093594 0.161481
0 0.529776 0.095259 0.025552 0.040556
0 0.917526 0.750741 0.123490 0.267926
0 0.891187 0.335148 0.181479 0.302889
0 0.674630 0.176132 0.084823 0.173698
