0 0.609115 0.086794 0.022812 0.036524
0 0.622526 0.131542 0.028698 0.035713
0 0.338615 0.224259 0.059542 0.072815
0 0.437714 0.219417 0.044573 0.076019
0 0.505510 0.192819 0.042312 0.072806
0 0.617969 0.167014 0.035937 0.063120
0 0.717526 0.277880 0.063594 0.094574
0 0.495760 0.106947 0.028250 0.051031
0 0.632266 0.311324 0.069948 0.111500
0 0.520031 0.139602 0.029625 0.045389
1 0.476479 0.090420 0.030521 0.055067
0 0.780807 0.428648 0.094010 0.149407
0 0.658802 0.441537 0.093125 0.157444
0 0.530005 0.098080 0.025094 0.041359
0 0.912760 0.735815 0.133958 0.254222
0 0.889260 0.331592 0.181188 0.298409
0 0.673187 0.174553 0.084146 0.169746
