0 0.609036 0.087397 0.023490 0.036928
0 0.622292 0.132144 0.028229 0.034509
0 0.338276 0.226472 0.058865 0.073204
0 0.437255 0.222245 0.045948 0.076843
0 0.505271 0.195634 0.043208 0.071991
0 0.618203 0.166616 0.036406 0.062324
0 0.717526 0.277880 0.062240 0.093759
0 0.495760 0.108561 0.028250 0.050230
0 0.631484 0.309917 0.069740 0.109500
0 0.519906 0.143028 0.030292 0.049019
1 0.476370 0.092232 0.030302 0.053850
0 0.778750 0.426019 0.093542 0.150593
0 0.657318 0.436907 0.092865 0.155444
0 0.530120 0.099490 0.024865 0.041761
0 0.910391 0.728361 0.139115 0.247352
0 0.888302 0.329818 0.181042 0.296180
0 0.672464 0.173762 0.083823 0.167772
