0 0.608776 0.088606 0.024844 0.037731
0 0.621849 0.133352 0.027344 0.032093
0 0.337594 0.230917 0.057500 0.074019
0 0.436349 0.227889 0.048656 0.078444
0 0.504828 0.201273 0.045031 0.070380
0 0.618672 0.165810 0.037344 0.060713
0 0.717526 0.277870 0.059531 0.092148
0 0.495760 0.111785 0.028250 0.048615
0 0.629896 0.307102 0.069271 0.105463
0 0.519687 0.149880 0.031667 0.056278
1 0.476141 0.095863 0.029844 0.051441
0 0.774661 0.420787 0.092656 0.153019
0 0.654375 0.427639 0.092396 0.151426
0 0.530349 0.102310 0.024406 0.042565
0 0.905625 0.713454 0.149583 0.233648
0 0.886375 0.326261 0.180750 0.291700
0 0.671021 0.172182 0.083146 0.163820
