0 0.608698 0.089210 0.025521 0.038135
0 0.621615 0.133958 0.026875 0.030880
0 0.337255 0.233130 0.056823 0.074407
0 0.435896 0.230713 0.050021 0.079241
0 0.504594 0.204102 0.045917 0.069574
0 0.618880 0.165403 0.037760 0.059898
0 0.717526 0.277880 0.058177 0.091352
0 0.495760 0.113400 0.028250 0.047811
0 0.629115 0.305694 0.069062 0.103426
0 0.519562 0.153306 0.032333 0.059907
1 0.476026 0.097675 0.029615 0.050224
0 0.772630 0.418157 0.092240 0.154241
0 0.652917 0.423000 0.092188 0.149407
0 0.530458 0.103720 0.024187 0.042967
0 0.903229 0.705991 0.154792 0.226796
0 0.885411 0.324479 0.180594 0.289450
0 0.670297 0.171392 0.082823 0.161846
