0 0.336917 0.232120 0.056604 0.073204
0 0.434536 0.231713 0.049115 0.078019
0 0.504609 0.206319 0.046406 0.069991
0 0.618672 0.163593 0.036406 0.058704
0 0.717526 0.275250 0.056823 0.090130
0 0.495531 0.113400 0.028708 0.047811
0 0.628437 0.302056 0.067708 0.102630
0 0.519349 0.153306 0.032344 0.059907
1 0.475802 0.096870 0.030062 0.052648
0 0.770339 0.412713 0.092656 0.152204
0 0.652109 0.417157 0.091094 0.147389
0 0.530099 0.104327 0.024385 0.044180
0 0.901302 0.697528 0.157292 0.230833
0 0.884443 0.322705 0.180448 0.287220
0 0.669578 0.170602 0.082490 0.159870
