0 0.335219 0.227083 0.055458 0.067167
0 0.427734 0.236759 0.044573 0.072000
0 0.504615 0.217407 0.048688 0.072000
0 0.617526 0.154519 0.029635 0.052648
0 0.717526 0.262148 0.050052 0.084074
0 0.494401 0.113400 0.030969 0.047811
0 0.625026 0.283917 0.060885 0.098611
0 0.518208 0.153306 0.032333 0.059907
1 0.474672 0.092836 0.032323 0.064735
0 0.759010 0.385500 0.094896 0.142148
0 0.648125 0.387926 0.085417 0.137296
0 0.528422 0.107350 0.025552 0.050226
0 0.891693 0.655194 0.169740 0.250981
0 0.879635 0.313818 0.179708 0.276031
0 0.667302 0.165861 0.079042 0.156315
