0 0.335328 0.227074 0.056156 0.067963
0 0.427052 0.238972 0.045500 0.074019
0 0.504375 0.218208 0.048646 0.072806
0 0.617422 0.151898 0.029844 0.052241
0 0.718542 0.259935 0.050729 0.083685
0 0.493948 0.113803 0.030979 0.048617
0 0.624557 0.280898 0.060469 0.097389
0 0.517875 0.153708 0.032583 0.059898
1 0.474448 0.092233 0.031875 0.066756
0 0.757656 0.381880 0.093542 0.138907
0 0.647214 0.384093 0.084948 0.138519
0 0.528536 0.108962 0.025323 0.050224
0 0.889635 0.648352 0.168437 0.245333
0 0.878667 0.312035 0.179562 0.273781
0 0.666911 0.164873 0.078260 0.155920
