0 0.335557 0.227074 0.057510 0.069593
0 0.425693 0.243398 0.047302 0.078056
0 0.503911 0.219815 0.048635 0.074407
0 0.617188 0.146653 0.030313 0.051435
0 0.720599 0.255500 0.052031 0.082889
0 0.493042 0.114608 0.030979 0.050228
0 0.623646 0.274852 0.059583 0.094963
0 0.517188 0.154514 0.033021 0.059898
1 0.473995 0.091024 0.030969 0.070785
0 0.754948 0.374620 0.090833 0.132463
0 0.645417 0.376426 0.084062 0.140926
0 0.528766 0.112190 0.024865 0.050231
0 0.885547 0.634639 0.165677 0.234056
0 0.876745 0.308479 0.179260 0.269302
0 0.666135 0.162898 0.076708 0.155130
