0 0.335672 0.227083 0.058177 0.070389
0 0.425010 0.245620 0.048208 0.080056
0 0.503693 0.220630 0.048656 0.075222
0 0.617083 0.144037 0.030521 0.051037
0 0.721615 0.253287 0.052708 0.082463
0 0.492583 0.115011 0.030979 0.051033
0 0.623203 0.271824 0.059115 0.093759
0 0.516859 0.154921 0.033260 0.059898
1 0.473766 0.090421 0.030510 0.072806
0 0.753594 0.370991 0.089479 0.129241
0 0.644505 0.372611 0.083594 0.142148
0 0.528875 0.113802 0.024646 0.050230
0 0.883516 0.627787 0.164323 0.228426
0 0.875776 0.306705 0.179115 0.267072
0 0.665745 0.161910 0.075927 0.154735
