0 0.335328 0.227083 0.058865 0.071981
0 0.422516 0.252685 0.050927 0.084481
0 0.502786 0.226074 0.049115 0.078852
0 0.616979 0.138389 0.029375 0.048611
0 0.723984 0.247037 0.053906 0.079667
0 0.491682 0.116824 0.031427 0.052241
0 0.622057 0.264370 0.057760 0.091741
0 0.516161 0.157546 0.034135 0.060315
1 0.472974 0.090824 0.029844 0.073611
0 0.749271 0.360722 0.085417 0.123185
0 0.641562 0.361722 0.081354 0.142148
0 0.529083 0.118032 0.025062 0.049824
0 0.876276 0.607028 0.159323 0.215907
0 0.872547 0.301744 0.177760 0.261365
0 0.664521 0.159151 0.074375 0.153957
