0 0.334198 0.227083 0.057500 0.071981
0 0.420250 0.257926 0.052750 0.085296
0 0.501875 0.233722 0.050000 0.082889
0 0.617188 0.137583 0.026250 0.045389
0 0.724687 0.243398 0.053437 0.075611
0 0.491677 0.118838 0.032333 0.051435
0 0.621589 0.261546 0.056823 0.092537
0 0.516167 0.161167 0.035062 0.061111
1 0.472292 0.094049 0.030292 0.067161
0 0.746094 0.354667 0.082708 0.124000
0 0.639297 0.355278 0.078594 0.137296
0 0.529099 0.120046 0.026906 0.049019
0 0.869896 0.592917 0.154792 0.213500
0 0.869938 0.298926 0.175646 0.258889
0 0.663635 0.157565 0.074375 0.153944
