0 0.333630 0.227083 0.056823 0.071981
0 0.419115 0.260537 0.053646 0.085704
0 0.501427 0.237565 0.050479 0.084907
0 0.617318 0.137185 0.024635 0.043778
0 0.725026 0.241593 0.053177 0.073630
0 0.491677 0.119847 0.032792 0.051028
0 0.621380 0.260139 0.056406 0.092944
0 0.516161 0.162981 0.035490 0.061519
1 0.471948 0.095662 0.030521 0.063935
0 0.744505 0.351639 0.081302 0.124389
0 0.638151 0.352056 0.077240 0.134889
0 0.529078 0.121056 0.027781 0.048611
0 0.866719 0.585861 0.152500 0.212278
0 0.868630 0.297521 0.174594 0.257661
0 0.663188 0.156781 0.074375 0.153957
