0 0.332500 0.226481 0.055917 0.070778
0 0.415490 0.268398 0.055458 0.086907
0 0.500078 0.247241 0.051406 0.089741
0 0.617526 0.134764 0.020990 0.042157
0 0.726719 0.236148 0.052500 0.069963
0 0.491448 0.121861 0.033688 0.051037
0 0.620365 0.255102 0.054375 0.091759
0 0.515708 0.168023 0.036396 0.062731
1 0.470932 0.099289 0.031656 0.058293
0 0.739401 0.342370 0.078385 0.124407
0 0.634974 0.341972 0.074531 0.128426
0 0.528755 0.122468 0.028948 0.048213
0 0.857109 0.565907 0.145469 0.207037
0 0.864714 0.293299 0.171427 0.253957
0 0.661854 0.154410 0.074375 0.153957
