0 0.332490 0.225880 0.056375 0.069574
0 0.414130 0.271028 0.055469 0.087315
0 0.499615 0.249250 0.051396 0.090537
0 0.617526 0.133148 0.020573 0.043778
0 0.727708 0.234333 0.052292 0.070370
0 0.491224 0.121866 0.033698 0.051843
0 0.619792 0.252880 0.053229 0.089722
0 0.515271 0.169435 0.036437 0.063130
1 0.470594 0.099692 0.032333 0.059098
0 0.737500 0.339148 0.078125 0.123593
0 0.634089 0.338343 0.074531 0.126796
0 0.528417 0.121861 0.028271 0.048611
0 0.853802 0.560056 0.143021 0.204222
0 0.863406 0.291886 0.170375 0.252709
0 0.661406 0.153618 0.074375 0.153950
