0 0.332495 0.225269 0.056823 0.068352
0 0.412766 0.273639 0.055469 0.087722
0 0.499156 0.251269 0.051375 0.091352
0 0.617526 0.131537 0.020052 0.045389
0 0.728750 0.232528 0.052083 0.070796
0 0.491000 0.121861 0.033688 0.052648
0 0.619219 0.250667 0.052083 0.087704
0 0.514813 0.170843 0.036417 0.063537
1 0.470250 0.100094 0.033021 0.059904
0 0.735573 0.335926 0.077917 0.122778
0 0.633177 0.334713 0.074479 0.125204
0 0.528078 0.121259 0.027594 0.049019
0 0.850521 0.554213 0.140521 0.201389
0 0.862104 0.290481 0.169313 0.251481
0 0.660969 0.152824 0.074375 0.153944
