0 0.332495 0.224056 0.057719 0.065926
0 0.410042 0.278880 0.055458 0.088537
0 0.498260 0.255296 0.051396 0.092963
0 0.617526 0.128315 0.019219 0.048611
0 0.730807 0.228889 0.051615 0.071593
0 0.490547 0.121861 0.033698 0.054259
0 0.618073 0.246222 0.049792 0.083704
0 0.513891 0.173667 0.036385 0.064333
1 0.469573 0.100900 0.034375 0.061515
0 0.731693 0.329463 0.077448 0.121185
0 0.631354 0.327454 0.074479 0.121981
0 0.527401 0.120051 0.026240 0.049824
0 0.843958 0.542528 0.135521 0.195759
0 0.859490 0.287664 0.167208 0.249006
0 0.660188 0.151840 0.074146 0.153950
