0 0.332609 0.224259 0.057052 0.064741
0 0.407328 0.284926 0.056365 0.089333
0 0.497333 0.261546 0.052729 0.093352
0 0.617865 0.126704 0.018958 0.048611
0 0.732135 0.226074 0.051146 0.072407
0 0.489865 0.123273 0.033688 0.055472
0 0.616849 0.242398 0.049531 0.081648
0 0.513339 0.177292 0.036656 0.064343
1 0.468771 0.102717 0.035062 0.061919
0 0.728750 0.324639 0.076563 0.118759
0 0.629792 0.321824 0.074062 0.118759
0 0.526943 0.121866 0.026219 0.051843
0 0.838620 0.532046 0.131198 0.189315
0 0.856880 0.284855 0.165094 0.246550
0 0.659521 0.151447 0.073708 0.153957
