0 0.332719 0.225065 0.055917 0.064722
0 0.405964 0.288361 0.057281 0.089722
0 0.496901 0.265778 0.054115 0.092963
0 0.618203 0.126704 0.019219 0.047000
0 0.732500 0.225065 0.050937 0.072796
0 0.489411 0.124685 0.033698 0.055870
0 0.616172 0.240778 0.050469 0.081667
0 0.513229 0.179505 0.036875 0.063917
1 0.468323 0.104124 0.035062 0.061511
0 0.727734 0.323028 0.075885 0.117130
0 0.629089 0.319796 0.073594 0.117148
0 0.526823 0.124282 0.026875 0.053454
0 0.836562 0.527398 0.129375 0.185685
0 0.855573 0.283442 0.164042 0.245302
0 0.659187 0.151247 0.073479 0.153950
