0 0.332948 0.226676 0.053646 0.064722
0 0.403245 0.295204 0.059094 0.090519
0 0.495974 0.274241 0.056802 0.092148
0 0.618880 0.126704 0.019635 0.043778
0 0.733151 0.223046 0.050469 0.073611
0 0.488500 0.127505 0.033688 0.056676
0 0.614792 0.237565 0.052292 0.081685
0 0.513000 0.183949 0.037333 0.063139
1 0.467417 0.106950 0.035062 0.060711
0 0.725703 0.319796 0.074531 0.113926
0 0.627734 0.315769 0.072656 0.113907
0 0.526604 0.129116 0.028250 0.056676
0 0.832500 0.518130 0.125729 0.178407
0 0.852964 0.280632 0.161927 0.242846
0 0.658521 0.150855 0.073042 0.153957
