0 0.333057 0.227481 0.052510 0.064741
0 0.401885 0.298639 0.060000 0.090944
0 0.495536 0.278481 0.058198 0.091741
0 0.619245 0.126704 0.019844 0.042167
0 0.733516 0.222037 0.050260 0.074000
0 0.488052 0.128917 0.033688 0.057074
0 0.614141 0.235954 0.053177 0.081685
0 0.512885 0.186167 0.037563 0.062741
1 0.466958 0.108357 0.035062 0.060304
0 0.724661 0.318194 0.073802 0.112315
0 0.627057 0.313750 0.072240 0.112315
0 0.526479 0.131542 0.028917 0.058287
0 0.830469 0.513509 0.123958 0.174796
0 0.851656 0.279219 0.160875 0.241598
0 0.658188 0.150655 0.072813 0.153950
