0 0.333401 0.228287 0.050927 0.066352
0 0.397802 0.308102 0.061813 0.093759
0 0.494161 0.290370 0.060427 0.095370
0 0.619115 0.123477 0.017396 0.040546
0 0.734297 0.217005 0.048177 0.072806
0 0.487594 0.129926 0.033688 0.056685
0 0.612083 0.229102 0.052292 0.079241
0 0.511849 0.190398 0.037760 0.066352
1 0.465375 0.110577 0.034604 0.058291
0 0.721380 0.310120 0.073177 0.109093
0 0.625234 0.306491 0.072240 0.108278
0 0.525922 0.135167 0.029615 0.057481
0 0.823646 0.497574 0.118958 0.166333
0 0.930000 0.822093 0.098542 0.289704
0 0.847740 0.274997 0.157708 0.237894
0 0.657187 0.150062 0.072146 0.153950
