0 0.333854 0.228287 0.050021 0.069574
0 0.392354 0.320204 0.063625 0.098593
0 0.492354 0.305694 0.062271 0.103426
0 0.618203 0.117028 0.011927 0.040556
0 0.735208 0.208935 0.044583 0.069574
0 0.487594 0.129116 0.033688 0.055065
0 0.609375 0.218620 0.048646 0.074426
0 0.510057 0.194426 0.037802 0.074407
1 0.463109 0.112190 0.033698 0.055065
0 0.716849 0.297222 0.073177 0.105852
0 0.622969 0.296019 0.073125 0.103444
0 0.525000 0.137583 0.029583 0.052648
0 0.814115 0.475009 0.112604 0.156648
0 0.925000 0.785806 0.108542 0.275167
0 0.842521 0.269370 0.153479 0.232963
0 0.654521 0.146503 0.072146 0.149994
