0 0.333745 0.227491 0.049802 0.069574
0 0.390432 0.324444 0.064760 0.099815
0 0.491219 0.310528 0.063604 0.104241
0 0.735104 0.207130 0.044375 0.068370
0 0.487260 0.129722 0.033917 0.055463
0 0.609010 0.217005 0.048438 0.073620
0 0.509828 0.197046 0.038260 0.073204
1 0.462542 0.111984 0.033917 0.057883
0 0.715729 0.294602 0.071771 0.105463
0 0.622630 0.293593 0.071094 0.103444
0 0.524885 0.139199 0.029813 0.053454
0 0.812656 0.471769 0.111458 0.155833
0 0.922161 0.774731 0.114635 0.277981
0 0.841214 0.267966 0.152427 0.231735
0 0.653854 0.145620 0.072146 0.149019
