0 0.333625 0.226676 0.049562 0.069574
0 0.388500 0.328676 0.065896 0.101019
0 0.490104 0.315361 0.065000 0.105056
0 0.734974 0.205310 0.044115 0.067157
0 0.486917 0.130333 0.034146 0.055870
0 0.608698 0.215394 0.048229 0.072806
0 0.509604 0.199667 0.038708 0.072000
1 0.461969 0.111785 0.034146 0.060707
0 0.714583 0.291991 0.070417 0.105056
0 0.622292 0.291176 0.069062 0.103426
0 0.524771 0.140810 0.030042 0.054250
0 0.811172 0.468556 0.110365 0.155037
0 0.919349 0.763648 0.120781 0.280815
0 0.839906 0.266553 0.151375 0.230487
0 0.653187 0.144729 0.072146 0.148024
