0 0.333401 0.225065 0.049115 0.069574
0 0.384651 0.337130 0.068156 0.103444
0 0.487823 0.325037 0.067708 0.106667
0 0.734766 0.201685 0.043698 0.064741
0 0.486234 0.131542 0.034594 0.056676
0 0.607995 0.212162 0.047760 0.071194
0 0.509151 0.204912 0.039615 0.069583
1 0.460839 0.111381 0.034594 0.066350
0 0.712292 0.286741 0.067708 0.104259
0 0.621615 0.286333 0.065000 0.103444
0 0.524547 0.144037 0.030490 0.055870
0 0.808255 0.462102 0.108073 0.153426
0 0.913672 0.741472 0.132969 0.286463
0 0.837297 0.263744 0.149260 0.228031
0 0.651854 0.142954 0.072146 0.146056
