0 0.332719 0.224667 0.049125 0.070370
0 0.378870 0.350037 0.070656 0.107481
0 0.484766 0.341370 0.071115 0.110296
0 0.734661 0.197454 0.043906 0.063537
0 0.485443 0.133958 0.034823 0.056676
0 0.606979 0.207528 0.047083 0.069167
0 0.508240 0.212968 0.041438 0.068769
1 0.459026 0.111989 0.035969 0.071596
0 0.709245 0.280500 0.064740 0.103852
0 0.620026 0.278880 0.060469 0.102204
0 0.524328 0.148671 0.031865 0.057083
0 0.804036 0.452222 0.104635 0.151407
0 0.906667 0.710222 0.148438 0.287667
0 0.833380 0.259521 0.146094 0.224328
0 0.650354 0.141169 0.071813 0.144069
