0 0.331812 0.227083 0.050021 0.071981
0 0.375010 0.358898 0.071104 0.110685
0 0.483172 0.354676 0.072469 0.114315
0 0.734870 0.196245 0.045260 0.065954
0 0.485219 0.136375 0.034375 0.055065
0 0.606302 0.204704 0.046667 0.068370
0 0.507339 0.218611 0.043240 0.072000
1 0.457667 0.114004 0.037771 0.070789
0 0.707656 0.278472 0.064271 0.104648
0 0.618203 0.273648 0.059531 0.099815
0 0.524344 0.151491 0.033708 0.056278
0 0.801562 0.445380 0.102396 0.150611
0 0.903906 0.692083 0.154792 0.278796
0 0.830771 0.256704 0.143979 0.221852
0 0.650021 0.141169 0.071146 0.144069
