0 0.331359 0.228287 0.050469 0.072796
0 0.373083 0.363343 0.071333 0.112315
0 0.482380 0.361324 0.073135 0.116352
0 0.735000 0.195639 0.045937 0.067167
0 0.485104 0.137583 0.034146 0.054259
0 0.605964 0.203296 0.046406 0.067963
0 0.506885 0.221435 0.044146 0.073611
1 0.456979 0.115011 0.038687 0.070385
0 0.706875 0.277463 0.064062 0.105037
0 0.617292 0.271019 0.059063 0.098593
0 0.524323 0.152907 0.034583 0.055870
0 0.800286 0.441944 0.101302 0.150185
0 0.902578 0.683009 0.157969 0.274352
0 0.829464 0.255299 0.142927 0.220624
0 0.649854 0.141169 0.070813 0.144069
