0 0.331135 0.229500 0.050021 0.075222
0 0.365823 0.383898 0.075875 0.122796
0 0.477844 0.387926 0.076771 0.127630
0 0.734089 0.190806 0.045052 0.067167
0 0.485104 0.142426 0.034146 0.054259
0 0.604167 0.198861 0.044583 0.067167
0 0.505057 0.230704 0.045927 0.080852
1 0.454937 0.119444 0.040042 0.069574
0 0.703464 0.271426 0.062760 0.104259
0 0.614115 0.262556 0.057292 0.096185
0 0.523875 0.158954 0.036417 0.056685
0 0.795078 0.428241 0.096302 0.148593
0 0.894167 0.648741 0.163854 0.255815
0 0.824240 0.249664 0.138708 0.215672
0 0.649188 0.141169 0.069479 0.144069
