0 0.331474 0.228898 0.049344 0.075611
0 0.364130 0.389731 0.077906 0.126426
0 0.476370 0.394574 0.077906 0.131259
0 0.733516 0.188986 0.043906 0.065954
0 0.485219 0.143634 0.034375 0.055065
0 0.603568 0.198051 0.043906 0.067157
0 0.504594 0.232528 0.045917 0.082870
1 0.454604 0.120656 0.039813 0.069578
0 0.702552 0.269407 0.062292 0.103444
0 0.613464 0.260944 0.056823 0.096185
0 0.523661 0.160560 0.036427 0.057472
0 0.793724 0.424815 0.094948 0.148185
0 0.891328 0.640685 0.163594 0.251000
0 0.822937 0.248259 0.137646 0.214444
0 0.649021 0.141169 0.069146 0.144069
