0 0.331818 0.228296 0.048656 0.076037
0 0.362427 0.395593 0.079958 0.130037
0 0.474901 0.401231 0.079052 0.134870
0 0.732943 0.187167 0.042760 0.064741
0 0.485328 0.144843 0.034594 0.055870
0 0.603021 0.197250 0.043229 0.067167
0 0.504156 0.234343 0.045958 0.084907
1 0.454266 0.121861 0.039594 0.069574
0 0.701641 0.267389 0.061823 0.102630
0 0.612760 0.259333 0.056354 0.096185
0 0.523417 0.162181 0.036396 0.058306
0 0.792344 0.421389 0.093542 0.147778
0 0.888516 0.632611 0.163385 0.246148
0 0.821630 0.246855 0.136594 0.213217
0 0.648854 0.141169 0.068812 0.144069
