0 0.332609 0.227287 0.047531 0.075611
0 0.356302 0.412315 0.084938 0.138519
0 0.470698 0.423602 0.083812 0.145759
0 0.731042 0.182741 0.040729 0.062333
0 0.485214 0.148269 0.035281 0.059500
0 0.601198 0.194222 0.041875 0.067556
0 0.502802 0.240593 0.045958 0.088519
1 0.452677 0.124888 0.039146 0.069983
0 0.699609 0.261148 0.060885 0.098185
0 0.611276 0.253889 0.055677 0.094963
0 0.522396 0.167019 0.037083 0.061519
0 0.788620 0.411093 0.090573 0.144963
0 0.879323 0.609250 0.160417 0.234056
0 0.492927 0.097877 0.025750 0.036117
0 0.818078 0.242608 0.134156 0.209857
0 0.648021 0.139095 0.068479 0.143476
