0 0.332833 0.227694 0.047979 0.073204
0 0.350865 0.422389 0.086750 0.140926
0 0.468208 0.441741 0.088792 0.153037
0 0.729427 0.181130 0.041146 0.062333
0 0.484536 0.150282 0.035740 0.063528
0 0.599844 0.191407 0.041875 0.068370
0 0.501880 0.245824 0.045927 0.087722
1 0.450859 0.126097 0.039135 0.070787
0 0.699167 0.256713 0.060937 0.092537
0 0.611042 0.249454 0.056146 0.092537
0 0.521281 0.170241 0.038479 0.064741
0 0.786589 0.404259 0.090156 0.140926
0 0.872292 0.594722 0.155417 0.229222
0 0.492698 0.098280 0.026208 0.036922
0 0.815708 0.239770 0.132521 0.207607
0 0.647464 0.137716 0.068260 0.143087
