0 0.333062 0.228093 0.048438 0.070778
0 0.345422 0.432472 0.088573 0.143352
0 0.465714 0.459880 0.093781 0.160278
0 0.727839 0.179509 0.041615 0.062315
0 0.483854 0.152301 0.036188 0.067565
0 0.598490 0.188579 0.041875 0.069176
0 0.500979 0.251065 0.045958 0.086907
1 0.449047 0.127306 0.039135 0.071593
0 0.698698 0.252269 0.060937 0.086907
0 0.610833 0.245019 0.056562 0.090148
0 0.520141 0.173463 0.039823 0.067963
0 0.784531 0.397398 0.089687 0.136907
0 0.865260 0.580222 0.150521 0.224370
0 0.492474 0.098682 0.026656 0.037728
0 0.813333 0.236943 0.130896 0.205374
0 0.646906 0.136336 0.068042 0.142698
