0 0.333172 0.228287 0.048656 0.069574
0 0.342698 0.437509 0.089479 0.144574
0 0.464469 0.468954 0.096271 0.163907
0 0.727057 0.178708 0.041823 0.062324
0 0.483510 0.153306 0.036417 0.069574
0 0.597812 0.187171 0.041875 0.069583
0 0.500521 0.253694 0.045937 0.086500
1 0.448141 0.127910 0.039135 0.071994
0 0.698490 0.250065 0.060937 0.084093
0 0.610703 0.242796 0.056823 0.088926
0 0.519557 0.175079 0.040469 0.069583
0 0.783490 0.393963 0.089479 0.134889
0 0.861745 0.572954 0.147969 0.221944
0 0.492359 0.098886 0.026885 0.038135
0 0.812151 0.235524 0.130073 0.204248
0 0.646630 0.135642 0.067927 0.142494
