0 0.333286 0.227889 0.048885 0.068778
0 0.340547 0.444370 0.089698 0.147778
0 0.462766 0.479444 0.096969 0.166333
0 0.726250 0.176894 0.042083 0.062731
0 0.483625 0.153111 0.036646 0.069185
0 0.597682 0.185764 0.041615 0.069176
0 0.500182 0.257519 0.046615 0.089333
1 0.447458 0.128517 0.039146 0.073207
0 0.697240 0.248648 0.059792 0.085296
0 0.610260 0.239981 0.056354 0.088111
0 0.519234 0.177097 0.040281 0.069583
0 0.782708 0.390750 0.089271 0.134870
0 0.859245 0.567713 0.147552 0.221167
0 0.492130 0.099290 0.026427 0.037328
0 0.810964 0.234114 0.129260 0.203143
0 0.646354 0.134947 0.067812 0.142291
