0 0.333625 0.226676 0.049562 0.066352
0 0.334078 0.464917 0.090385 0.157463
0 0.457661 0.510880 0.099010 0.173574
0 0.723880 0.171454 0.042760 0.063944
0 0.483964 0.152500 0.037323 0.067963
0 0.597344 0.181532 0.040937 0.067972
0 0.499156 0.269000 0.048667 0.097778
1 0.445422 0.130327 0.039135 0.076828
0 0.693490 0.244417 0.056354 0.088944
0 0.608906 0.231519 0.055000 0.085704
0 0.518219 0.183139 0.039604 0.069574
0 0.780339 0.381065 0.088594 0.134870
0 0.851771 0.551991 0.146146 0.218722
0 0.491453 0.100498 0.025073 0.034911
0 0.807411 0.229868 0.126823 0.199783
0 0.645411 0.132682 0.067260 0.140524
