0 0.333745 0.226269 0.049802 0.065537
0 0.331922 0.471778 0.090615 0.160667
0 0.455964 0.521361 0.099677 0.176019
0 0.723073 0.169630 0.043021 0.064333
0 0.484078 0.152301 0.037552 0.067565
0 0.597240 0.180120 0.040729 0.067574
0 0.498823 0.272843 0.049333 0.100611
1 0.444745 0.130933 0.039135 0.078041
0 0.692240 0.243009 0.055208 0.090130
0 0.608464 0.228685 0.054531 0.084889
0 0.517870 0.185153 0.039365 0.069583
0 0.779531 0.377852 0.088333 0.134889
0 0.849271 0.546759 0.145729 0.217926
0 0.491224 0.100902 0.024615 0.034104
0 0.806224 0.228448 0.126010 0.198659
0 0.645073 0.131892 0.067042 0.139735
