0 0.333974 0.225269 0.049344 0.065130
0 0.326714 0.485287 0.092427 0.161093
0 0.451771 0.545963 0.102625 0.183259
0 0.721849 0.166412 0.042760 0.062731
0 0.484422 0.153310 0.038677 0.067157
0 0.596771 0.177292 0.040729 0.066750
0 0.497906 0.280296 0.051583 0.103444
1 0.444063 0.132343 0.039583 0.080056
0 0.690208 0.239981 0.054792 0.091333
0 0.607760 0.224255 0.053646 0.084898
0 0.517302 0.188574 0.039146 0.070778
0 0.777370 0.371194 0.087656 0.134500
0 0.844167 0.535870 0.142292 0.216296
0 0.490656 0.101302 0.025313 0.035711
0 0.803854 0.225620 0.124375 0.196426
0 0.644411 0.130312 0.066594 0.138154
