0 0.334083 0.222241 0.045937 0.070370
0 0.302109 0.537889 0.105344 0.156667
0 0.432266 0.656000 0.121677 0.225185
0 0.718437 0.158546 0.040937 0.054259
0 0.485552 0.161370 0.042312 0.067963
0 0.594401 0.167421 0.041406 0.063935
0 0.494396 0.306500 0.058187 0.106667
1 0.442240 0.138796 0.041854 0.084093
0 0.685104 0.229102 0.055938 0.087315
0 0.605052 0.214176 0.050000 0.086500
0 0.515026 0.200069 0.040469 0.077639
0 0.769479 0.351250 0.083125 0.128426
0 0.826589 0.497981 0.124844 0.202593
0 0.488729 0.104531 0.030521 0.046198
0 0.452901 0.096469 0.023260 0.039748
0 0.795557 0.215707 0.118677 0.188585
0 0.642297 0.125769 0.064156 0.133019
