0 0.333625 0.222241 0.045937 0.073593
0 0.292807 0.557241 0.110344 0.166333
0 0.425234 0.695519 0.129385 0.242926
0 0.717318 0.157741 0.041406 0.055870
0 0.485557 0.163389 0.041406 0.068778
0 0.593724 0.164597 0.040990 0.063139
0 0.493719 0.314556 0.056833 0.109889
1 0.440427 0.141213 0.041854 0.084093
0 0.683958 0.226278 0.053646 0.083296
0 0.603464 0.212162 0.048698 0.084083
0 0.513906 0.204500 0.041875 0.078444
0 0.768333 0.348426 0.080833 0.124407
0 0.822057 0.488296 0.122135 0.192926
0 0.488500 0.107755 0.030062 0.044583
0 0.451542 0.098885 0.022354 0.041359
0 0.793187 0.212880 0.117042 0.186352
0 0.641854 0.125176 0.062812 0.131833
