0 0.332839 0.223046 0.047073 0.076019
0 0.279438 0.587269 0.118958 0.181241
0 0.412536 0.756389 0.143906 0.259852
0 0.715026 0.156329 0.041823 0.057083
0 0.485557 0.166412 0.040948 0.069991
0 0.592813 0.161167 0.040000 0.061111
0 0.492130 0.327667 0.056823 0.114333
1 0.438052 0.143833 0.041625 0.085296
0 0.682266 0.222245 0.052031 0.080065
0 0.601771 0.207931 0.047500 0.079657
0 0.512432 0.211361 0.043469 0.080870
0 0.766849 0.343176 0.077448 0.118759
0 0.815469 0.475000 0.118958 0.182444
0 0.487938 0.111381 0.029375 0.042163
0 0.450182 0.101304 0.020990 0.041356
0 0.523411 0.090217 0.023698 0.044178
0 0.789630 0.208632 0.114594 0.182994
0 0.641188 0.124287 0.060813 0.130056
