0 0.332156 0.224657 0.049333 0.074426
0 0.271271 0.608639 0.126208 0.191722
0 0.401203 0.799120 0.157510 0.258241
0 0.712760 0.155120 0.041875 0.056278
0 0.485557 0.168421 0.041865 0.070787
0 0.592370 0.159954 0.039115 0.058685
0 0.490318 0.337731 0.059552 0.116759
1 0.436917 0.144236 0.041167 0.087713
0 0.681146 0.219829 0.053437 0.081676
0 0.601536 0.203500 0.047969 0.075630
0 0.511745 0.216194 0.043906 0.084093
0 0.766172 0.338343 0.075156 0.115537
0 0.811406 0.467750 0.118021 0.180833
0 0.487255 0.112188 0.028927 0.040550
0 0.450182 0.101304 0.020094 0.038133
0 0.522969 0.089814 0.022812 0.041761
0 0.787266 0.205795 0.112969 0.180743
0 0.640745 0.123694 0.059490 0.128870
