0 0.331130 0.227083 0.052740 0.071981
0 0.259021 0.640685 0.137104 0.207444
0 0.384198 0.868574 0.177917 0.266556
0 0.709375 0.153310 0.041875 0.055065
0 0.485557 0.171449 0.043219 0.071991
0 0.591693 0.158144 0.037760 0.055065
0 0.487594 0.352852 0.063625 0.120370
1 0.435219 0.144843 0.040500 0.091352
0 0.679453 0.216194 0.055469 0.084093
0 0.601198 0.196843 0.048646 0.069574
0 0.510729 0.223458 0.044583 0.088935
0 0.765156 0.331093 0.071771 0.110704
0 0.805286 0.456861 0.116719 0.178426
0 0.486240 0.113398 0.028250 0.038130
0 0.450188 0.101306 0.018729 0.033296
0 0.522292 0.089210 0.021458 0.038135
0 0.784224 0.202080 0.110969 0.177656
0 0.639635 0.122407 0.058375 0.127878
