0 0.331474 0.227083 0.051615 0.071981
0 0.253693 0.652167 0.138240 0.210259
0 0.708802 0.152097 0.041146 0.055065
0 0.485781 0.172463 0.042771 0.072407
0 0.591458 0.157338 0.037292 0.055065
0 0.486573 0.360120 0.065667 0.121981
1 0.434875 0.146861 0.041188 0.092167
0 0.678750 0.214380 0.054583 0.083685
0 0.600521 0.196042 0.047708 0.069583
0 0.510286 0.226069 0.045052 0.088528
0 0.764141 0.329269 0.072448 0.111907
0 0.803594 0.452426 0.115104 0.176815
0 0.485896 0.114000 0.028021 0.038537
0 0.449391 0.102310 0.019406 0.033694
0 0.522188 0.089208 0.021250 0.037324
0 0.783302 0.200926 0.110375 0.176667
0 0.639188 0.121914 0.058146 0.127680
