0 0.332839 0.227083 0.047073 0.071981
0 0.232380 0.698130 0.142760 0.221556
0 0.706536 0.147264 0.038490 0.055065
0 0.486693 0.176491 0.040948 0.074019
0 0.590547 0.154116 0.035469 0.055065
0 0.482495 0.389139 0.073823 0.128426
1 0.433516 0.154921 0.043906 0.095380
0 0.676042 0.207125 0.050937 0.082083
0 0.597786 0.192819 0.044115 0.069583
0 0.508453 0.236556 0.046844 0.086926
0 0.760052 0.322019 0.075208 0.116741
0 0.796771 0.434694 0.108750 0.170352
0 0.484531 0.116417 0.027125 0.040148
0 0.446214 0.106344 0.022135 0.035313
0 0.521719 0.089209 0.020313 0.034100
0 0.779594 0.196313 0.108000 0.172707
0 0.637411 0.119939 0.057260 0.126889
