0 0.332271 0.226278 0.047750 0.073593
0 0.212089 0.743083 0.150240 0.239685
0 0.703698 0.144843 0.037812 0.054259
0 0.487370 0.181926 0.041406 0.075222
0 0.589167 0.152102 0.034583 0.055870
0 0.480115 0.413731 0.076771 0.132463
1 0.432042 0.158139 0.044125 0.096981
0 0.674219 0.204505 0.047708 0.080065
0 0.596432 0.190801 0.041823 0.068769
0 0.507089 0.246435 0.047281 0.089722
0 0.756536 0.316981 0.074531 0.113111
0 0.791667 0.425417 0.105833 0.167130
0 0.483745 0.119444 0.027802 0.040556
0 0.444516 0.110173 0.023719 0.038135
0 0.521604 0.091629 0.021896 0.034909
0 0.776818 0.192862 0.106219 0.169757
0 0.636078 0.118457 0.056594 0.126296
