0 0.330453 0.224657 0.051385 0.076833
0 0.182154 0.810009 0.162943 0.270352
0 0.699167 0.142421 0.037812 0.052639
0 0.488276 0.190801 0.043219 0.076843
0 0.586901 0.149676 0.033698 0.057481
0 0.477391 0.448389 0.078594 0.137296
1 0.429766 0.160565 0.043219 0.098611
0 0.671953 0.202894 0.043177 0.076843
0 0.595078 0.188380 0.039115 0.067167
0 0.505297 0.260944 0.047323 0.096185
0 0.751536 0.310528 0.071823 0.103426
0 0.784870 0.415750 0.103073 0.163907
0 0.482839 0.124282 0.029615 0.040546
0 0.442703 0.115819 0.025531 0.042972
0 0.521609 0.096469 0.025531 0.038137
0 0.773115 0.188249 0.103854 0.165798
0 0.636297 0.116876 0.056156 0.121556
