0 0.331135 0.227083 0.050021 0.073611
0 0.165146 0.832972 0.181542 0.256648
0 0.697786 0.140407 0.038698 0.053444
0 0.488958 0.193218 0.044583 0.078454
0 0.586458 0.148065 0.032813 0.055870
0 0.474667 0.465324 0.081312 0.146981
1 0.429089 0.163796 0.043677 0.097000
0 0.670807 0.200074 0.043698 0.076037
0 0.594844 0.185153 0.040521 0.065546
0 0.503010 0.268194 0.050021 0.096167
0 0.750417 0.306898 0.071354 0.102648
0 0.782396 0.409685 0.099896 0.161481
0 0.482156 0.126296 0.030062 0.041352
0 0.442474 0.117833 0.025990 0.043778
0 0.521839 0.097677 0.025073 0.037331
0 0.771260 0.185943 0.102667 0.163819
0 0.636411 0.116087 0.055927 0.119185
