0 0.331474 0.228287 0.049344 0.072019
0 0.156643 0.844463 0.190839 0.249778
0 0.697109 0.139398 0.039115 0.053852
0 0.489297 0.194426 0.045260 0.079259
0 0.586224 0.147264 0.032344 0.055065
0 0.473307 0.473778 0.082677 0.151815
1 0.428755 0.165403 0.043906 0.096194
0 0.670234 0.198653 0.043906 0.075620
0 0.594740 0.183542 0.041146 0.064731
0 0.501870 0.271833 0.051365 0.096185
0 0.749844 0.305093 0.071146 0.102222
0 0.781146 0.406667 0.098333 0.160296
0 0.481813 0.127306 0.030292 0.041759
0 0.442359 0.118838 0.026219 0.044176
0 0.521948 0.098280 0.024854 0.036922
0 0.770333 0.184798 0.102083 0.162848
0 0.636464 0.115691 0.055823 0.118000
