0 0.331818 0.229500 0.048656 0.070370
0 0.148141 0.855954 0.200135 0.242907
0 0.696458 0.138389 0.039583 0.054259
0 0.489635 0.195634 0.045937 0.080065
0 0.585990 0.146454 0.031875 0.054259
0 0.471953 0.482250 0.084031 0.156648
1 0.428411 0.167014 0.044115 0.095380
0 0.669661 0.197255 0.044115 0.075231
0 0.594635 0.181935 0.041875 0.063944
0 0.500755 0.275463 0.052760 0.096185
0 0.749297 0.303269 0.070885 0.101833
0 0.779870 0.403648 0.096719 0.159074
0 0.481479 0.128315 0.030521 0.042167
0 0.442250 0.119847 0.026437 0.044583
0 0.522062 0.098887 0.024625 0.036522
0 0.769411 0.183645 0.101490 0.161857
0 0.636521 0.115296 0.055708 0.116815
