0 0.332495 0.231917 0.047302 0.067167
0 0.131134 0.883093 0.218731 0.237519
0 0.695078 0.136375 0.040469 0.055065
0 0.490318 0.198056 0.047302 0.081667
0 0.585547 0.144843 0.030990 0.052648
0 0.469229 0.499194 0.086750 0.166315
1 0.427734 0.170241 0.044573 0.093778
0 0.668542 0.194426 0.044583 0.074407
0 0.594401 0.178708 0.043177 0.062324
0 0.498474 0.282704 0.055448 0.096185
0 0.748125 0.299639 0.070417 0.101019
0 0.777396 0.397602 0.093542 0.156648
0 0.480792 0.130329 0.030979 0.042972
0 0.442021 0.121861 0.026896 0.045389
0 0.522292 0.100095 0.024167 0.035717
0 0.914115 0.812407 0.130312 0.284815
0 0.767557 0.181339 0.100302 0.159878
0 0.636630 0.114506 0.055490 0.114444
