0 0.332490 0.230704 0.045479 0.067963
0 0.120250 0.899611 0.205125 0.204481
0 0.693490 0.135167 0.039167 0.054259
0 0.490547 0.201282 0.047760 0.083287
0 0.585339 0.143231 0.031406 0.055870
0 0.466505 0.522157 0.090385 0.175204
1 0.426599 0.172259 0.045031 0.096185
0 0.667865 0.192412 0.044167 0.073620
0 0.593724 0.175079 0.040990 0.059917
0 0.497339 0.289565 0.057719 0.100204
0 0.746563 0.296019 0.070000 0.100222
0 0.774219 0.391148 0.093542 0.155037
0 0.480115 0.131940 0.030521 0.044583
0 0.440656 0.122264 0.026896 0.046194
0 0.521604 0.102109 0.024604 0.038133
0 0.909818 0.783389 0.138906 0.278370
0 0.765703 0.179031 0.099115 0.157900
0 0.635630 0.113320 0.055260 0.114444
