0 0.332495 0.228898 0.042760 0.069167
0 0.098661 0.924407 0.195240 0.154889
0 0.691094 0.133352 0.037083 0.053056
0 0.490885 0.206116 0.048438 0.085694
0 0.585000 0.140810 0.032083 0.060713
0 0.462427 0.556639 0.095833 0.188500
1 0.424901 0.175278 0.045719 0.099815
0 0.666849 0.189389 0.043490 0.072407
0 0.592682 0.169639 0.037552 0.056278
0 0.495641 0.299833 0.061115 0.106259
0 0.744167 0.290574 0.069271 0.099000
0 0.769453 0.381481 0.093594 0.152630
0 0.479094 0.134361 0.029833 0.047000
0 0.438620 0.122870 0.026885 0.047407
0 0.520583 0.105135 0.025292 0.041767
0 0.903359 0.739843 0.151823 0.268722
0 0.762927 0.175572 0.097333 0.154930
0 0.634130 0.111543 0.054927 0.114444
