0 0.332719 0.229093 0.043208 0.067963
0 0.688516 0.129926 0.036406 0.050222
0 0.491000 0.210958 0.049562 0.089750
0 0.584193 0.137583 0.031927 0.059093
0 0.455625 0.597954 0.104896 0.202611
1 0.422974 0.179912 0.047760 0.100213
0 0.666042 0.185560 0.043229 0.069583
0 0.592370 0.168625 0.036406 0.059898
0 0.494635 0.316176 0.062292 0.111500
0 0.741120 0.285130 0.068177 0.092963
0 0.765130 0.374620 0.092656 0.147759
0 0.477839 0.137991 0.029615 0.047000
0 0.437026 0.125491 0.026885 0.047815
0 0.520021 0.106949 0.025062 0.042972
0 0.895990 0.707602 0.154792 0.252611
0 0.760151 0.172121 0.095552 0.151980
0 0.632630 0.109765 0.054594 0.114444
