0 0.333292 0.230111 0.046167 0.065148
0 0.684531 0.123074 0.035312 0.045389
0 0.491453 0.219019 0.051844 0.096185
0 0.583047 0.132144 0.031406 0.053046
0 0.443156 0.677778 0.120313 0.233259
1 0.419568 0.187773 0.051844 0.102231
0 0.665026 0.178699 0.042969 0.065528
0 0.591901 0.167815 0.036406 0.067963
0 0.493490 0.346204 0.061354 0.119148
0 0.736458 0.275852 0.066146 0.083296
0 0.758906 0.363741 0.090625 0.138926
0 0.476146 0.143833 0.030750 0.046593
0 0.434870 0.131134 0.028031 0.047806
0 0.519896 0.108762 0.024375 0.042569
0 0.882057 0.662241 0.150469 0.225593
0 0.755677 0.167593 0.093125 0.148222
0 0.631969 0.107691 0.053042 0.115037
