0 0.333630 0.228287 0.046844 0.066352
0 0.683516 0.119444 0.031927 0.045389
0 0.492813 0.223852 0.053188 0.096185
0 0.583750 0.130329 0.032813 0.054250
0 0.438391 0.738241 0.123031 0.267111
1 0.417531 0.189588 0.053188 0.113120
0 0.664687 0.175074 0.042292 0.067963
0 0.590547 0.160565 0.036406 0.063130
0 0.492812 0.358907 0.058646 0.122778
0 0.736120 0.269815 0.065469 0.088111
0 0.756536 0.352861 0.089948 0.136500
0 0.476490 0.144440 0.034146 0.050231
0 0.433854 0.133551 0.031417 0.047806
0 0.520943 0.109367 0.025094 0.041359
0 0.871510 0.632630 0.145729 0.221963
0 0.753052 0.165370 0.091875 0.146444
0 0.632302 0.106802 0.051708 0.115630
