0 0.333745 0.227685 0.047073 0.066741
0 0.683177 0.118231 0.030729 0.045389
0 0.493266 0.225463 0.053656 0.096185
0 0.583958 0.129727 0.033229 0.054657
0 0.436797 0.758398 0.123948 0.278389
1 0.416849 0.190190 0.053656 0.116731
0 0.664583 0.173870 0.042083 0.068778
0 0.590078 0.158148 0.036406 0.061519
0 0.492583 0.363130 0.057729 0.124000
0 0.735990 0.267796 0.065208 0.089741
0 0.755729 0.349222 0.089687 0.135704
0 0.476599 0.144644 0.035281 0.051435
0 0.433521 0.134361 0.032563 0.047815
0 0.521260 0.109569 0.025292 0.040956
0 0.867995 0.622741 0.144115 0.220741
0 0.752177 0.164630 0.091458 0.145852
0 0.632411 0.106506 0.051260 0.115828
