0 0.334531 0.227491 0.047750 0.066352
0 0.681693 0.117028 0.030052 0.045389
0 0.494854 0.230708 0.054562 0.096991
0 0.583750 0.128718 0.031875 0.052639
0 0.427729 0.818481 0.134375 0.259889
1 0.414813 0.196847 0.054104 0.119565
0 0.662891 0.172657 0.041406 0.069574
0 0.589844 0.155727 0.036875 0.061509
0 0.489187 0.380269 0.062271 0.130056
0 0.734089 0.264167 0.064115 0.084889
0 0.751771 0.341972 0.086771 0.132463
0 0.475807 0.148870 0.035510 0.051037
0 0.432724 0.138394 0.032781 0.047806
0 0.521151 0.110979 0.025510 0.039746
0 0.857891 0.596343 0.138490 0.207463
0 0.464464 0.090823 0.025531 0.036520
0 0.498932 0.071875 0.020094 0.034102
0 0.534297 0.080342 0.021927 0.034909
0 0.749552 0.162407 0.090208 0.144074
0 0.632745 0.105618 0.049927 0.116420
