0 0.335214 0.227889 0.048198 0.065556
0 0.680573 0.117028 0.030521 0.045389
0 0.495984 0.234333 0.055010 0.097778
0 0.583281 0.128315 0.030104 0.050222
0 0.420250 0.858398 0.143896 0.230056
1 0.413448 0.202894 0.054104 0.118769
0 0.661302 0.172657 0.040937 0.069574
0 0.590078 0.155731 0.037344 0.063130
0 0.486010 0.393167 0.067708 0.134889
0 0.732266 0.262556 0.063177 0.078444
0 0.748594 0.338343 0.084062 0.130056
0 0.474901 0.152903 0.034594 0.049417
0 0.432271 0.141616 0.031875 0.047806
0 0.520714 0.112190 0.025552 0.038935
0 0.851302 0.579824 0.134375 0.195352
0 0.464464 0.093644 0.025531 0.037324
0 0.499391 0.073892 0.020094 0.034909
0 0.534089 0.082357 0.022344 0.034100
0 0.747802 0.160926 0.089375 0.142889
0 0.632406 0.105419 0.049708 0.115235
