0 0.335552 0.228093 0.048438 0.065148
0 0.680000 0.117028 0.030729 0.045389
0 0.496552 0.236157 0.055229 0.098204
0 0.583073 0.128111 0.029167 0.049019
0 0.416505 0.878306 0.148656 0.215056
1 0.412771 0.205917 0.054104 0.118352
0 0.660521 0.172657 0.040729 0.069574
0 0.590182 0.155731 0.037552 0.063944
0 0.484422 0.399620 0.070427 0.137315
0 0.731354 0.261759 0.062708 0.075222
0 0.747005 0.336528 0.082656 0.128833
0 0.474443 0.154917 0.034156 0.048611
0 0.432047 0.143227 0.031427 0.047806
0 0.520469 0.112796 0.025521 0.038537
0 0.848047 0.571546 0.132344 0.189315
0 0.464464 0.095054 0.025531 0.037726
0 0.499615 0.074900 0.020083 0.035311
0 0.533958 0.083365 0.022604 0.033696
0 0.746927 0.160185 0.088958 0.142296
0 0.632245 0.105321 0.049594 0.114643
