0 0.335896 0.228296 0.048667 0.064741
0 0.679427 0.117028 0.030937 0.045389
0 0.497115 0.237963 0.055458 0.098593
0 0.582839 0.127912 0.028281 0.047806
0 0.412766 0.900019 0.153427 0.203667
1 0.412083 0.208944 0.054104 0.117963
0 0.659714 0.172657 0.040469 0.069574
0 0.590312 0.155722 0.037812 0.064741
0 0.482833 0.406065 0.073146 0.139722
0 0.730443 0.260944 0.062240 0.072000
0 0.745417 0.334722 0.081354 0.127630
0 0.473990 0.156935 0.033688 0.047815
0 0.431818 0.144838 0.030969 0.047806
0 0.520255 0.113398 0.025531 0.038130
0 0.844740 0.563278 0.130312 0.183259
0 0.464464 0.096469 0.025531 0.038137
0 0.499839 0.075907 0.020094 0.035715
0 0.533854 0.084372 0.022812 0.033293
0 0.746052 0.159444 0.088542 0.141704
0 0.632078 0.105222 0.049490 0.114048
