0 0.333854 0.229704 0.050021 0.072407
0 0.674896 0.111179 0.030521 0.045791
0 0.493714 0.257917 0.057260 0.111093
0 0.582057 0.119042 0.029844 0.049417
1 0.406646 0.222847 0.055000 0.123194
0 0.657422 0.164597 0.041406 0.068769
0 0.586693 0.147866 0.034115 0.056269
0 0.476714 0.460685 0.084031 0.165926
0 0.724349 0.250065 0.061823 0.076833
0 0.738958 0.318593 0.080625 0.120370
0 0.470932 0.163384 0.038906 0.057491
0 0.427620 0.152296 0.033927 0.050630
0 0.520240 0.119042 0.025979 0.043769
0 0.828958 0.522167 0.117813 0.171963
0 0.462880 0.100700 0.023719 0.036119
0 0.500297 0.079937 0.021448 0.033293
0 0.533854 0.086588 0.022812 0.032083
0 0.739927 0.154259 0.085625 0.137556
0 0.631021 0.104234 0.048479 0.110494
