0 0.333854 0.229907 0.050021 0.072815
0 0.674453 0.110171 0.030052 0.046194
0 0.493729 0.259731 0.057750 0.111500
0 0.581927 0.118639 0.030104 0.048611
1 0.405281 0.224662 0.055917 0.123602
0 0.657214 0.163792 0.040990 0.067972
0 0.586458 0.147259 0.034583 0.057481
0 0.475349 0.470565 0.085385 0.170352
0 0.723646 0.248852 0.061354 0.076815
0 0.737943 0.315759 0.079948 0.120370
0 0.470583 0.165000 0.038687 0.057481
0 0.427505 0.153708 0.034156 0.051028
0 0.520260 0.119847 0.026458 0.044583
0 0.826823 0.516120 0.116250 0.167944
0 0.462646 0.101304 0.024625 0.036522
0 0.500068 0.080343 0.021448 0.033296
0 0.533854 0.087600 0.022812 0.033300
0 0.739052 0.153519 0.085208 0.136963
0 0.630964 0.103840 0.048156 0.110494
