0 0.333854 0.230713 0.050021 0.074426
0 0.672630 0.106142 0.028281 0.047809
0 0.493719 0.267000 0.059542 0.113111
0 0.581484 0.117028 0.030990 0.045389
1 0.399839 0.231917 0.059552 0.125204
0 0.656302 0.160569 0.039167 0.064750
0 0.585547 0.144843 0.036406 0.062315
0 0.469906 0.510083 0.090833 0.188093
0 0.720911 0.244009 0.059531 0.076833
0 0.733854 0.304481 0.077187 0.120370
0 0.469224 0.171444 0.037781 0.057481
0 0.427052 0.159352 0.035062 0.052648
0 0.520250 0.123069 0.028250 0.047806
0 0.818203 0.491935 0.109844 0.151796
0 0.461740 0.103722 0.028250 0.038130
0 0.499161 0.081955 0.021448 0.033294
0 0.533854 0.091629 0.022812 0.038131
0 0.735552 0.150556 0.083542 0.134593
0 0.630745 0.102259 0.046823 0.110493
