0 0.333964 0.231519 0.049802 0.074407
0 0.671953 0.106341 0.028281 0.048207
0 0.494172 0.270019 0.059990 0.114333
0 0.581354 0.116620 0.030313 0.045389
1 0.399276 0.235144 0.059781 0.127639
0 0.655859 0.160764 0.038698 0.065139
0 0.585781 0.144843 0.035937 0.061519
0 0.468667 0.523583 0.091521 0.191722
0 0.720234 0.242389 0.059531 0.076037
0 0.732969 0.303065 0.076771 0.118352
0 0.468891 0.172856 0.038010 0.057880
0 0.425578 0.160769 0.035281 0.053056
0 0.520146 0.123880 0.028042 0.047000
0 0.815937 0.488306 0.108958 0.153426
0 0.461745 0.104931 0.027802 0.038935
0 0.498932 0.082357 0.021448 0.034100
0 0.533646 0.092638 0.022812 0.036928
0 0.734677 0.149815 0.083125 0.134000
0 0.630687 0.101864 0.046479 0.110494
