0 0.334536 0.235546 0.048656 0.074426
0 0.668542 0.107350 0.028229 0.050226
0 0.496427 0.285130 0.062250 0.120370
0 0.580781 0.114609 0.026875 0.045393
1 0.396443 0.251269 0.060906 0.139722
0 0.653568 0.161773 0.036406 0.067157
0 0.586901 0.144843 0.033698 0.057481
0 0.462427 0.591102 0.094917 0.209870
0 0.716849 0.234333 0.059531 0.072000
0 0.728411 0.296009 0.074531 0.108278
0 0.467187 0.179917 0.039146 0.059907
0 0.418208 0.167819 0.036417 0.055065
0 0.519573 0.127912 0.026896 0.042972
0 0.804609 0.470167 0.104427 0.161481
0 0.461745 0.110979 0.025531 0.042969
0 0.497802 0.084371 0.021458 0.038128
0 0.532500 0.097674 0.022812 0.030874
0 0.730302 0.146111 0.081042 0.131037
0 0.630078 0.101074 0.045490 0.110493
