0 0.334083 0.232324 0.049562 0.071204
0 0.666719 0.104128 0.026458 0.047004
0 0.495526 0.297231 0.067698 0.128426
0 0.580781 0.108963 0.026875 0.043778
1 0.390089 0.257713 0.064531 0.142944
0 0.651771 0.156935 0.038229 0.067167
0 0.584193 0.139194 0.033698 0.052648
0 0.451995 0.658824 0.112156 0.232426
0 0.713672 0.233528 0.055052 0.080056
0 0.724323 0.294398 0.070000 0.108278
0 0.463563 0.186361 0.040958 0.063130
0 0.418208 0.173463 0.036417 0.053444
0 0.519120 0.131940 0.027802 0.044583
0 0.798255 0.446778 0.099010 0.146963
0 0.460839 0.114204 0.027344 0.042963
0 0.497349 0.087598 0.022365 0.041359
0 0.532490 0.100095 0.024604 0.035717
0 0.726802 0.143148 0.079375 0.128667
0 0.629188 0.101864 0.045479 0.110494
