0 0.333854 0.230713 0.050021 0.069574
0 0.665833 0.102511 0.025521 0.045385
0 0.495089 0.303269 0.070448 0.132463
0 0.580781 0.106144 0.026875 0.042972
1 0.386917 0.260944 0.066354 0.144556
0 0.650859 0.154514 0.039115 0.067157
0 0.582839 0.136375 0.033698 0.050231
0 0.446781 0.692694 0.120771 0.243722
0 0.712083 0.233130 0.052708 0.084074
0 0.722292 0.293602 0.067708 0.108278
0 0.461750 0.189593 0.041854 0.064741
0 0.418208 0.176287 0.036417 0.052648
0 0.518891 0.133954 0.028260 0.045389
0 0.795078 0.435093 0.096302 0.139741
0 0.460385 0.115819 0.028250 0.042972
0 0.497125 0.089210 0.022812 0.042969
0 0.532495 0.101304 0.025531 0.038133
0 0.725052 0.141667 0.078542 0.127481
0 0.628745 0.102259 0.045490 0.110493
