0 0.333734 0.231519 0.049344 0.069593
0 0.665833 0.102312 0.025104 0.044987
0 0.495312 0.307509 0.071354 0.132870
0 0.581250 0.106949 0.026875 0.042972
1 0.386120 0.264769 0.066573 0.144981
0 0.651224 0.155120 0.038906 0.066759
0 0.583177 0.136579 0.033438 0.049824
0 0.443495 0.716065 0.122365 0.255019
0 0.712214 0.232324 0.052969 0.081685
0 0.721953 0.292787 0.068385 0.108278
0 0.461516 0.191597 0.041865 0.064731
0 0.418094 0.179106 0.036646 0.053454
0 0.519578 0.135769 0.029177 0.045796
0 0.794271 0.432676 0.094688 0.139722
0 0.460615 0.117630 0.028250 0.043370
0 0.497687 0.090421 0.022583 0.041361
0 0.532958 0.102311 0.025542 0.037730
0 0.724177 0.140926 0.078125 0.126889
0 0.628521 0.102456 0.045479 0.110494
