0 0.333630 0.232324 0.048656 0.069574
0 0.665807 0.102108 0.024635 0.044580
0 0.495542 0.311731 0.072250 0.133278
0 0.581693 0.107755 0.026927 0.042972
1 0.385328 0.268602 0.066802 0.145352
0 0.651536 0.155727 0.038698 0.066361
0 0.583516 0.136778 0.033281 0.049426
0 0.440203 0.739444 0.123948 0.266296
0 0.712318 0.231509 0.053177 0.079241
0 0.721615 0.291991 0.069062 0.108278
0 0.461292 0.193625 0.041854 0.064750
0 0.417984 0.181926 0.036865 0.054259
0 0.520240 0.137588 0.030042 0.046194
0 0.793490 0.430250 0.093125 0.139722
0 0.460839 0.119444 0.028240 0.043778
0 0.498255 0.091629 0.022365 0.039743
0 0.533391 0.103319 0.025510 0.037324
0 0.723302 0.140185 0.077708 0.126296
0 0.628297 0.102655 0.045490 0.110494
