0 0.333401 0.233935 0.047302 0.069574
0 0.665833 0.101706 0.023750 0.043774
0 0.495990 0.320204 0.074062 0.134074
0 0.582604 0.109367 0.026875 0.042970
1 0.383745 0.276269 0.067260 0.146167
0 0.652240 0.156935 0.038229 0.065537
0 0.584193 0.137181 0.032760 0.048620
0 0.433625 0.786213 0.127125 0.288870
0 0.712552 0.229907 0.053646 0.074407
0 0.720937 0.290380 0.070417 0.108278
0 0.460844 0.197648 0.041854 0.064741
0 0.417755 0.187579 0.037323 0.055880
0 0.521609 0.141213 0.031885 0.047000
0 0.791901 0.425417 0.089948 0.139722
0 0.461292 0.123069 0.028250 0.044583
0 0.499391 0.094046 0.021906 0.036519
0 0.534323 0.105333 0.025521 0.036519
0 0.722188 0.138602 0.077042 0.125500
0 0.628521 0.102259 0.045479 0.109704
