0 0.333177 0.235546 0.045937 0.069574
0 0.665833 0.101303 0.022812 0.042969
0 0.496443 0.328667 0.075865 0.134889
0 0.583516 0.110979 0.026927 0.042969
1 0.382156 0.283926 0.067708 0.146963
0 0.652891 0.158148 0.037760 0.064741
0 0.584870 0.137588 0.032344 0.047806
0 0.427052 0.832972 0.130292 0.311463
0 0.712760 0.228287 0.054062 0.069574
0 0.720260 0.288750 0.071771 0.108278
0 0.460385 0.201685 0.041854 0.064741
0 0.417526 0.193218 0.037781 0.057491
0 0.522958 0.144838 0.033667 0.047806
0 0.790312 0.420574 0.086771 0.139704
0 0.461740 0.126704 0.028250 0.045389
0 0.500521 0.096465 0.021458 0.033293
0 0.535208 0.107349 0.025521 0.035709
0 0.721073 0.137028 0.076375 0.124722
0 0.628745 0.101864 0.045490 0.108913
