0 0.334531 0.235944 0.047750 0.070370
0 0.665156 0.100094 0.021458 0.042165
0 0.495979 0.336731 0.075854 0.139722
0 0.583958 0.108963 0.026875 0.043778
1 0.379432 0.289972 0.069531 0.149389
0 0.652656 0.156130 0.038229 0.063926
0 0.584870 0.136375 0.033281 0.048620
0 0.419568 0.857944 0.140719 0.264667
0 0.711849 0.224657 0.054115 0.068759
0 0.718203 0.283519 0.069531 0.105852
0 0.459708 0.206120 0.042312 0.063944
0 0.415260 0.194829 0.038687 0.057491
0 0.522281 0.146051 0.032313 0.047009
0 0.788724 0.412519 0.086302 0.136481
0 0.461740 0.127106 0.028250 0.046194
0 0.500974 0.096464 0.022365 0.036517
0 0.535208 0.108965 0.025521 0.037330
0 0.719969 0.135444 0.075708 0.123926
0 0.628964 0.101469 0.045490 0.108124
