0 0.335219 0.236148 0.048667 0.070778
0 0.664818 0.099490 0.020781 0.041761
0 0.495760 0.340759 0.075875 0.142148
0 0.584193 0.107956 0.026927 0.044180
1 0.378073 0.292991 0.070438 0.150611
0 0.652552 0.155120 0.038437 0.063537
0 0.584870 0.135769 0.033698 0.049019
0 0.415828 0.875833 0.145948 0.252037
0 0.711406 0.222843 0.054062 0.068352
0 0.717187 0.280898 0.068437 0.104648
0 0.459365 0.208338 0.042542 0.063546
0 0.414125 0.195639 0.039146 0.057500
0 0.521943 0.146653 0.031635 0.046602
0 0.787943 0.408481 0.086094 0.134889
0 0.461740 0.127306 0.028250 0.046593
0 0.501198 0.096469 0.022812 0.038137
0 0.535208 0.109769 0.025521 0.038130
0 0.719406 0.134657 0.075375 0.123537
0 0.629078 0.101271 0.045490 0.107728
