0 0.335896 0.236352 0.049562 0.071185
0 0.664479 0.098885 0.020104 0.041359
0 0.495547 0.344796 0.075885 0.144556
0 0.584427 0.106949 0.026875 0.044583
1 0.376708 0.296019 0.071333 0.151815
0 0.652448 0.154111 0.038646 0.063130
0 0.584870 0.135167 0.034115 0.049426
0 0.412083 0.887926 0.151146 0.227852
0 0.710964 0.221037 0.054115 0.067963
0 0.716172 0.278269 0.067240 0.103426
0 0.459021 0.210551 0.042771 0.063120
0 0.412995 0.196444 0.039594 0.057481
0 0.521604 0.147264 0.030958 0.046194
0 0.787135 0.404454 0.085833 0.133278
0 0.461740 0.127509 0.028250 0.047000
0 0.501427 0.096469 0.023271 0.039748
0 0.535208 0.110576 0.025521 0.038941
0 0.718854 0.133861 0.075042 0.123130
0 0.629188 0.101074 0.045479 0.107333
