0 0.337255 0.236759 0.051385 0.072000
0 0.663776 0.097677 0.018698 0.040554
0 0.495083 0.352861 0.075875 0.149389
0 0.584870 0.104933 0.026927 0.045393
1 0.373990 0.302065 0.073146 0.154241
0 0.652214 0.152097 0.039115 0.062324
0 0.584870 0.133958 0.035052 0.050231
0 0.404604 0.912111 0.161583 0.179481
0 0.710026 0.217403 0.054115 0.067157
0 0.714115 0.273046 0.065000 0.101019
0 0.458344 0.214986 0.043229 0.062324
0 0.410729 0.198056 0.040500 0.057481
0 0.520927 0.148472 0.029604 0.045389
0 0.785547 0.396389 0.085365 0.130037
0 0.461740 0.127912 0.028250 0.047806
0 0.501880 0.096468 0.024177 0.042972
0 0.535208 0.112188 0.025521 0.040550
0 0.949505 0.908491 0.064948 0.186722
0 0.717740 0.132287 0.074375 0.122352
0 0.629411 0.100679 0.045490 0.106543
