0 0.337255 0.236352 0.050927 0.071185
0 0.663542 0.096669 0.019167 0.040957
0 0.494974 0.356083 0.077031 0.151019
0 0.584870 0.104126 0.027344 0.044581
1 0.371948 0.304880 0.074500 0.157463
0 0.651771 0.151088 0.039167 0.061917
0 0.584661 0.132745 0.035052 0.050231
0 0.709245 0.215792 0.053385 0.067972
0 0.713568 0.271222 0.064740 0.099815
0 0.457437 0.217000 0.043667 0.063926
0 0.409708 0.199259 0.040729 0.057481
0 0.520813 0.148875 0.029833 0.046194
0 0.784531 0.391148 0.084687 0.128444
0 0.461406 0.128713 0.028021 0.047000
0 0.501432 0.096264 0.024177 0.042565
0 0.534974 0.111989 0.025990 0.040152
0 0.945990 0.893852 0.071563 0.192111
0 0.717187 0.131491 0.074042 0.121944
0 0.629411 0.099791 0.045490 0.106741
