0 0.337255 0.235546 0.050010 0.069574
0 0.663099 0.094655 0.020052 0.041765
0 0.494740 0.362528 0.079271 0.154241
0 0.584870 0.102514 0.028281 0.042972
1 0.367870 0.310528 0.077240 0.163907
0 0.650859 0.149074 0.039115 0.061111
0 0.584193 0.130329 0.035052 0.050231
0 0.707656 0.212565 0.052083 0.069574
0 0.712422 0.267593 0.064323 0.097370
0 0.455625 0.221028 0.044583 0.067167
0 0.407661 0.201685 0.041177 0.057481
0 0.520589 0.149681 0.030281 0.047806
0 0.782500 0.380676 0.083333 0.125204
0 0.460724 0.130329 0.027573 0.045398
0 0.500521 0.095861 0.024167 0.041759
0 0.534531 0.111586 0.026875 0.039346
0 0.938958 0.875306 0.084687 0.224389
0 0.716073 0.129917 0.073375 0.121167
0 0.629411 0.098012 0.045490 0.107135
