0 0.337255 0.234343 0.048656 0.067167
0 0.662422 0.091627 0.021406 0.042969
0 0.494396 0.372204 0.082667 0.159074
0 0.584870 0.100094 0.029635 0.040552
1 0.361750 0.318991 0.081312 0.173574
0 0.649505 0.146051 0.039115 0.059898
0 0.583516 0.126699 0.035052 0.050231
0 0.705286 0.207727 0.050052 0.071991
0 0.710729 0.262157 0.063646 0.093759
0 0.452901 0.227083 0.045927 0.071981
0 0.404599 0.205310 0.041865 0.057491
0 0.520245 0.150889 0.030969 0.050222
0 0.779427 0.364944 0.081354 0.120370
0 0.459708 0.132745 0.026896 0.042972
0 0.499161 0.095259 0.024177 0.040556
0 0.533849 0.110980 0.028240 0.038133
0 0.928411 0.847500 0.104427 0.272778
0 0.714406 0.127546 0.072375 0.119981
0 0.629411 0.095345 0.045490 0.107728
