0 0.337594 0.232519 0.049333 0.068370
0 0.660026 0.088606 0.020781 0.044178
0 0.493375 0.386111 0.084708 0.162704
0 0.584870 0.096466 0.028281 0.040550
1 0.356302 0.328676 0.084042 0.180833
0 0.648828 0.143028 0.036406 0.056278
0 0.582161 0.123074 0.033698 0.052648
0 0.704271 0.204102 0.049375 0.069574
0 0.708333 0.257315 0.062917 0.096185
0 0.448479 0.230713 0.047979 0.071981
0 0.400865 0.210755 0.042542 0.063528
0 0.519568 0.151491 0.030969 0.053852
0 0.777031 0.354667 0.077917 0.121593
0 0.459365 0.135167 0.028938 0.045389
0 0.497797 0.095861 0.022802 0.041759
0 0.533172 0.112792 0.028240 0.039343
0 0.920599 0.800907 0.117344 0.269111
0 0.712740 0.125173 0.071375 0.118791
0 0.629411 0.092679 0.045490 0.108320
