0 0.337823 0.231315 0.049792 0.069185
0 0.658438 0.086590 0.020313 0.044987
0 0.492698 0.395389 0.086063 0.165111
0 0.584870 0.094048 0.027344 0.040552
1 0.352672 0.335120 0.085844 0.185685
0 0.648359 0.141009 0.034635 0.053852
0 0.581250 0.120657 0.032813 0.054259
0 0.703568 0.201685 0.048906 0.067963
0 0.706771 0.254093 0.062500 0.097778
0 0.445526 0.233120 0.049344 0.071981
0 0.398370 0.214384 0.042990 0.067565
0 0.519109 0.151898 0.030948 0.056278
0 0.775469 0.347824 0.075625 0.122389
0 0.459141 0.136778 0.030302 0.047000
0 0.496896 0.096264 0.021896 0.042565
0 0.532708 0.114000 0.028229 0.040148
0 0.915391 0.769889 0.125990 0.266704
0 0.711484 0.123790 0.070677 0.117869
0 0.629021 0.090901 0.045375 0.107531
