0 0.337490 0.228287 0.050021 0.072796
0 0.490781 0.410093 0.088125 0.168741
1 0.346099 0.349639 0.089927 0.191315
0 0.647005 0.140000 0.033281 0.054259
0 0.580573 0.115816 0.031875 0.055869
0 0.702552 0.198056 0.048229 0.068778
0 0.704583 0.248852 0.061354 0.096185
0 0.442927 0.239583 0.050479 0.072796
0 0.395307 0.221435 0.043219 0.071981
0 0.519328 0.153310 0.031865 0.055065
0 0.773750 0.338352 0.072708 0.120370
0 0.458568 0.140005 0.032781 0.047806
0 0.495990 0.097677 0.022354 0.042165
0 0.532490 0.117028 0.028250 0.042167
0 0.908906 0.731380 0.140729 0.248574
0 0.709375 0.122012 0.069562 0.116287
0 0.627854 0.088234 0.045042 0.104569
