0 0.337031 0.225870 0.050021 0.076037
0 0.489177 0.420176 0.089458 0.171167
1 0.341344 0.360917 0.093104 0.194537
0 0.645885 0.140000 0.032813 0.055870
0 0.580339 0.112189 0.031406 0.056678
0 0.701901 0.195639 0.047760 0.070389
0 0.703255 0.245222 0.060469 0.093778
0 0.441797 0.244815 0.050927 0.073593
0 0.393495 0.226685 0.043219 0.074407
0 0.519797 0.154519 0.032802 0.052648
0 0.772839 0.332296 0.070885 0.117963
0 0.458120 0.142421 0.034594 0.047806
0 0.495536 0.098885 0.023260 0.041359
0 0.532490 0.119444 0.028250 0.043778
0 0.905052 0.708407 0.151146 0.231630
0 0.707964 0.120827 0.068823 0.115235
0 0.627078 0.086457 0.044823 0.102593
