0 0.336802 0.224667 0.050021 0.077630
0 0.488401 0.425204 0.090177 0.172370
1 0.338953 0.366565 0.094698 0.196167
0 0.645286 0.140005 0.032552 0.056676
0 0.580234 0.110376 0.031198 0.057081
0 0.701536 0.194426 0.047552 0.071185
0 0.702552 0.243407 0.060000 0.092556
0 0.441224 0.247444 0.051156 0.074000
0 0.392583 0.229296 0.043229 0.075630
0 0.520031 0.155125 0.033271 0.051435
0 0.772396 0.329269 0.070000 0.116722
0 0.457891 0.143634 0.035510 0.047806
0 0.495307 0.099487 0.023719 0.040952
0 0.532490 0.120653 0.028250 0.044583
0 0.903125 0.696917 0.156354 0.223167
0 0.707266 0.120235 0.068448 0.114707
0 0.626687 0.085568 0.044708 0.101606
