0 0.336349 0.224657 0.049573 0.073611
0 0.485089 0.443963 0.093990 0.186481
1 0.331135 0.383083 0.100812 0.206648
0 0.644062 0.137986 0.032813 0.056676
0 0.580130 0.108558 0.030990 0.052643
0 0.700052 0.189995 0.045937 0.068787
0 0.699844 0.237963 0.059063 0.092148
0 0.437708 0.255694 0.051833 0.076019
0 0.387594 0.236352 0.045021 0.076037
0 0.518651 0.157338 0.033219 0.051843
0 0.770130 0.319806 0.067240 0.109093
0 0.456307 0.144843 0.035510 0.049426
0 0.493948 0.099288 0.024625 0.042165
0 0.531802 0.121861 0.028687 0.045389
0 0.891458 0.666481 0.157500 0.212296
0 0.705151 0.118456 0.067344 0.113128
0 0.625521 0.082901 0.044375 0.098643
