0 0.336234 0.225269 0.049344 0.070796
0 0.483859 0.450815 0.095615 0.192926
1 0.328417 0.388537 0.103083 0.211074
0 0.643698 0.136981 0.033021 0.056278
0 0.580130 0.108561 0.030990 0.050230
0 0.699505 0.188380 0.045260 0.067167
0 0.698802 0.236148 0.058854 0.092556
0 0.436234 0.258528 0.052052 0.076833
0 0.385557 0.238574 0.045948 0.075630
0 0.517870 0.158144 0.033010 0.052639
0 0.769219 0.316574 0.066354 0.105852
0 0.455625 0.144843 0.035062 0.050222
0 0.493375 0.098885 0.024854 0.042970
0 0.531469 0.121861 0.028938 0.045389
0 0.886589 0.657009 0.155469 0.211056
0 0.704443 0.117864 0.066969 0.112602
