0 0.336010 0.226472 0.048896 0.065130
0 0.481349 0.464519 0.098760 0.205852
1 0.322964 0.399417 0.107615 0.219944
0 0.643047 0.134963 0.033490 0.055463
0 0.580130 0.108563 0.030990 0.045393
0 0.698359 0.185157 0.043906 0.063944
0 0.696771 0.232528 0.058438 0.093352
0 0.433292 0.264167 0.052521 0.078444
0 0.381474 0.243000 0.047740 0.074815
0 0.516276 0.159759 0.032552 0.054259
0 0.767422 0.310130 0.064531 0.099407
0 0.454266 0.144843 0.034156 0.051833
0 0.492245 0.098079 0.025302 0.044583
0 0.530781 0.121861 0.029375 0.045389
0 0.876823 0.638065 0.151354 0.208648
0 0.703042 0.116679 0.066229 0.111546
