0 0.335896 0.227083 0.048667 0.062315
0 0.480125 0.471370 0.100375 0.212296
1 0.320250 0.404852 0.109896 0.224370
0 0.642682 0.133958 0.033698 0.055065
0 0.580130 0.108560 0.030990 0.042972
0 0.697812 0.183542 0.043229 0.062324
0 0.695755 0.230708 0.058177 0.093769
0 0.431818 0.266991 0.052740 0.079241
0 0.379432 0.245222 0.048656 0.074407
0 0.515495 0.160560 0.032344 0.055065
0 0.766510 0.306898 0.063646 0.096167
0 0.453578 0.144843 0.033698 0.052648
0 0.491677 0.097676 0.025521 0.045389
0 0.530453 0.121861 0.029615 0.045389
0 0.871953 0.628593 0.149323 0.207444
0 0.702333 0.116086 0.065854 0.111020
