0 0.335896 0.226676 0.048667 0.063130
0 0.479443 0.479843 0.101740 0.213907
1 0.316625 0.412315 0.111250 0.228000
0 0.642682 0.132949 0.033698 0.055472
0 0.580000 0.107954 0.030729 0.043370
0 0.697578 0.182134 0.043177 0.061917
0 0.695312 0.229500 0.058646 0.092963
0 0.430682 0.269806 0.054094 0.080870
0 0.377844 0.248046 0.049125 0.074426
0 0.515370 0.161769 0.033010 0.055056
0 0.765599 0.304676 0.064115 0.097389
0 0.453583 0.146856 0.034146 0.053454
0 0.491682 0.097878 0.025990 0.044985
0 0.530557 0.122870 0.029823 0.044981
0 0.867995 0.619926 0.146823 0.203815
0 0.701630 0.115494 0.065490 0.110494
