0 0.335896 0.226278 0.048667 0.063926
0 0.478760 0.488306 0.103104 0.215500
1 0.312990 0.419769 0.112604 0.231648
0 0.642682 0.131944 0.033698 0.055870
0 0.579896 0.107352 0.030521 0.043778
0 0.697344 0.180713 0.043229 0.061500
0 0.694844 0.228292 0.059063 0.092157
0 0.429547 0.272630 0.055469 0.082481
0 0.376260 0.250870 0.049562 0.074407
0 0.515250 0.162986 0.033667 0.055065
0 0.764714 0.302463 0.064531 0.098593
0 0.453583 0.148870 0.034604 0.054259
0 0.491677 0.098079 0.026437 0.044583
0 0.530687 0.123875 0.030083 0.044583
0 0.864010 0.611250 0.144375 0.200204
0 0.700932 0.114902 0.065115 0.109967
