0 0.335896 0.225870 0.048667 0.064741
0 0.478083 0.496769 0.104458 0.217130
1 0.309365 0.427241 0.113958 0.235259
0 0.642682 0.130935 0.033698 0.056278
0 0.579766 0.106745 0.030260 0.044176
0 0.697135 0.179310 0.043229 0.061120
0 0.694401 0.227083 0.059531 0.091352
0 0.428411 0.275454 0.056823 0.084093
0 0.374672 0.253685 0.050010 0.074407
0 0.515151 0.164190 0.034385 0.055065
0 0.763802 0.300250 0.065000 0.099796
0 0.453578 0.150884 0.035052 0.055065
0 0.491677 0.098281 0.026896 0.044180
0 0.530792 0.124884 0.030292 0.044176
0 0.860052 0.602583 0.141875 0.196574
0 0.700224 0.114309 0.064740 0.109441
