0 0.335896 0.225472 0.048667 0.065537
0 0.477401 0.505231 0.105823 0.218722
1 0.305740 0.434685 0.115333 0.238889
0 0.642682 0.129926 0.033698 0.056685
0 0.579661 0.106143 0.030052 0.044585
0 0.696875 0.177903 0.043229 0.060713
0 0.693958 0.225866 0.060000 0.090528
0 0.427281 0.278278 0.058187 0.085704
0 0.373083 0.256500 0.050479 0.074407
0 0.515031 0.165407 0.035042 0.055074
0 0.762891 0.298028 0.065469 0.101019
0 0.453583 0.152907 0.035521 0.055870
0 0.491672 0.098482 0.027344 0.043776
0 0.530896 0.125898 0.030500 0.043778
0 0.856094 0.593926 0.139375 0.192926
0 0.699521 0.113716 0.064375 0.108913
