0 0.335896 0.224667 0.048667 0.067148
0 0.476042 0.522167 0.108542 0.221963
1 0.298479 0.449602 0.118042 0.246167
0 0.642682 0.127907 0.033698 0.057481
0 0.579427 0.104933 0.029583 0.045393
0 0.696458 0.175079 0.043229 0.059917
0 0.693047 0.223458 0.060885 0.088935
0 0.425010 0.283917 0.060917 0.088907
0 0.369906 0.262157 0.051375 0.074426
0 0.514813 0.167819 0.036417 0.055065
0 0.761068 0.293593 0.066302 0.103444
0 0.453583 0.156935 0.036417 0.057481
0 0.491677 0.098885 0.028250 0.042970
0 0.531130 0.127912 0.030969 0.042972
0 0.848125 0.576593 0.134375 0.185667
0 0.698109 0.112531 0.063635 0.107861
