0 0.335781 0.225259 0.048896 0.067556
0 0.474438 0.532454 0.109875 0.227204
1 0.294969 0.457667 0.120083 0.249370
0 0.642135 0.127912 0.033438 0.056676
0 0.579219 0.104330 0.029167 0.044989
0 0.695990 0.174880 0.042292 0.060315
0 0.692240 0.223046 0.059792 0.087315
0 0.423995 0.287750 0.061135 0.089352
0 0.367641 0.266176 0.052740 0.076019
0 0.514693 0.169236 0.036656 0.054676
0 0.760833 0.291176 0.065417 0.100204
0 0.453245 0.158551 0.036198 0.056676
0 0.491224 0.100096 0.027802 0.042974
0 0.531021 0.128718 0.031187 0.042972
0 0.844844 0.570139 0.131875 0.185685
0 0.697411 0.111939 0.063260 0.107333
