0 0.335672 0.225870 0.049115 0.067963
0 0.472865 0.542731 0.111250 0.232426
1 0.291453 0.465722 0.122135 0.252593
0 0.641563 0.127907 0.033229 0.055870
0 0.578984 0.103725 0.028698 0.044587
0 0.695547 0.174676 0.041406 0.060722
0 0.691458 0.222648 0.058646 0.085704
0 0.422974 0.291574 0.061365 0.089741
0 0.365375 0.270213 0.054104 0.077648
0 0.514583 0.170644 0.036875 0.054269
0 0.760599 0.288759 0.064531 0.097000
0 0.452901 0.160157 0.035969 0.055870
0 0.490766 0.101303 0.027344 0.042969
0 0.530901 0.129523 0.031427 0.042972
0 0.841562 0.563685 0.129375 0.185667
0 0.696708 0.111345 0.062896 0.106806
