0 0.335557 0.226472 0.049344 0.068389
0 0.471260 0.553009 0.112583 0.237685
1 0.287938 0.473796 0.124167 0.255815
0 0.640990 0.127912 0.033021 0.055065
0 0.578750 0.103116 0.028229 0.044176
0 0.695078 0.174477 0.040469 0.061120
0 0.690677 0.222245 0.057500 0.084102
0 0.421948 0.295407 0.061583 0.090111
0 0.363104 0.274241 0.055458 0.079259
0 0.514469 0.172051 0.037104 0.053861
0 0.760391 0.286343 0.063594 0.093759
0 0.452562 0.161769 0.035729 0.055056
0 0.490318 0.102514 0.026885 0.042972
0 0.530792 0.130329 0.031646 0.042972
0 0.838281 0.557241 0.126875 0.185667
0 0.696000 0.110753 0.062521 0.106280
