0 0.335443 0.227083 0.049573 0.068759
0 0.469682 0.563287 0.113969 0.242907
1 0.284427 0.481852 0.126208 0.259037
0 0.640417 0.127907 0.032813 0.054259
0 0.578542 0.102512 0.027813 0.043772
0 0.694635 0.174273 0.039583 0.061528
0 0.689870 0.221838 0.056406 0.082472
0 0.420927 0.299250 0.061813 0.090537
0 0.360839 0.278278 0.056823 0.080852
0 0.514359 0.173463 0.037323 0.053444
0 0.760156 0.283917 0.062708 0.090537
0 0.452224 0.163389 0.035510 0.054259
0 0.489865 0.103720 0.026437 0.042967
0 0.530677 0.131134 0.031875 0.042972
0 0.835000 0.550787 0.124375 0.185685
0 0.695297 0.110160 0.062156 0.105754
