0 0.335219 0.228287 0.050021 0.069574
0 0.466500 0.583833 0.116687 0.253407
1 0.277391 0.497972 0.130281 0.265500
0 0.639297 0.127907 0.032344 0.052648
0 0.578073 0.101303 0.026875 0.042969
0 0.693724 0.173870 0.037760 0.062333
0 0.688281 0.221037 0.054062 0.079259
0 0.418891 0.306898 0.062260 0.091352
0 0.356302 0.286333 0.059542 0.084074
0 0.514130 0.176287 0.037781 0.052648
0 0.759714 0.279083 0.060885 0.084093
0 0.451542 0.166616 0.035062 0.052657
0 0.488953 0.106144 0.025531 0.042972
0 0.530448 0.132745 0.032333 0.042972
0 0.828411 0.537880 0.119427 0.185685
0 0.693891 0.108976 0.061406 0.104700
