0 0.335219 0.234343 0.050021 0.067167
0 0.450859 0.662454 0.145260 0.289685
1 0.246781 0.572963 0.161583 0.313852
0 0.639974 0.132750 0.028281 0.052648
0 0.578073 0.104931 0.026875 0.040546
0 0.693047 0.169028 0.033698 0.062315
0 0.684870 0.221032 0.052760 0.088935
0 0.408005 0.338352 0.064990 0.096185
0 0.343380 0.315361 0.063635 0.093759
0 0.514807 0.190801 0.039135 0.062324
0 0.757005 0.270620 0.058177 0.086500
0 0.448141 0.181125 0.039135 0.057491
0 0.486917 0.114609 0.026896 0.045393
0 0.529771 0.143630 0.030979 0.045389
0 0.807318 0.502815 0.115365 0.159074
0 0.689854 0.105815 0.059479 0.101011
