0 0.335557 0.233741 0.049802 0.068370
0 0.448927 0.677574 0.146833 0.298963
1 0.241339 0.584639 0.163406 0.320315
0 0.639974 0.131940 0.028698 0.051843
0 0.577943 0.103723 0.026198 0.040554
0 0.692813 0.168227 0.034167 0.062324
0 0.684427 0.219218 0.052708 0.087713
0 0.405964 0.342778 0.065427 0.096185
0 0.340656 0.319398 0.065437 0.094574
0 0.514021 0.191606 0.038937 0.061528
0 0.755859 0.268602 0.058177 0.087315
0 0.447802 0.182130 0.039354 0.057074
0 0.486578 0.115009 0.027573 0.045389
0 0.529766 0.143833 0.031406 0.046593
0 0.805052 0.496778 0.112604 0.158259
0 0.689245 0.105420 0.059260 0.100222
