0 0.336917 0.231324 0.048875 0.073204
0 0.441224 0.738037 0.153198 0.336037
1 0.219568 0.631417 0.170656 0.346130
0 0.640000 0.128718 0.030521 0.048620
0 0.577526 0.098883 0.023490 0.040548
0 0.691901 0.165000 0.035990 0.062333
0 0.682604 0.211963 0.052708 0.082889
0 0.397802 0.360519 0.067250 0.096185
0 0.329776 0.335528 0.072698 0.097796
0 0.510844 0.194824 0.038000 0.058278
0 0.751328 0.260537 0.058177 0.090519
0 0.446437 0.186167 0.040271 0.055481
0 0.485214 0.116620 0.030302 0.045389
0 0.529781 0.144644 0.033250 0.051435
0 0.795964 0.472593 0.101719 0.155037
0 0.686802 0.103840 0.058375 0.097061
