0 0.336120 0.236759 0.046385 0.074407
0 0.423427 0.826750 0.166125 0.323167
1 0.177279 0.725741 0.184943 0.417037
0 0.637135 0.128917 0.034375 0.053852
0 0.576823 0.098685 0.023958 0.038537
0 0.689401 0.163190 0.038698 0.056287
0 0.678177 0.206116 0.053854 0.085694
0 0.384990 0.396185 0.077917 0.114333
0 0.310042 0.366759 0.072250 0.100630
0 0.509469 0.205713 0.041167 0.065537
0 0.747917 0.252472 0.055938 0.083278
0 0.442698 0.199269 0.040500 0.067167
0 0.483172 0.124079 0.027573 0.051435
0 0.528630 0.155926 0.033677 0.054667
0 0.780703 0.445370 0.097865 0.144148
0 0.683135 0.101469 0.057042 0.092320
