0 0.335896 0.237963 0.045937 0.074407
0 0.420245 0.841963 0.168385 0.319778
1 0.169909 0.742259 0.187432 0.429926
0 0.636589 0.129116 0.035052 0.055065
0 0.576719 0.098886 0.024167 0.038135
0 0.688958 0.162986 0.039167 0.055065
0 0.677396 0.205306 0.054062 0.086500
0 0.382833 0.402435 0.079958 0.117944
0 0.306641 0.372204 0.071781 0.101000
0 0.509375 0.207731 0.041875 0.067167
0 0.747474 0.251278 0.055469 0.081667
0 0.442016 0.201676 0.040490 0.069574
0 0.482833 0.125491 0.026896 0.052648
0 0.528411 0.158144 0.033698 0.055065
0 0.778073 0.441139 0.097604 0.142130
0 0.944740 0.539102 0.071771 0.168759
0 0.504604 0.110977 0.018729 0.047806
0 0.682521 0.101074 0.056813 0.091530
