0 0.335786 0.236352 0.045719 0.074407
0 0.418437 0.850833 0.167937 0.302037
1 0.160159 0.751954 0.191974 0.421093
0 0.636458 0.127907 0.033958 0.054259
0 0.576589 0.097070 0.024427 0.039341
0 0.688828 0.160565 0.038906 0.055870
0 0.677266 0.203699 0.052969 0.084898
0 0.380562 0.408685 0.080854 0.119963
0 0.302792 0.377241 0.073604 0.103037
0 0.509016 0.207731 0.042073 0.067167
0 0.747005 0.248648 0.055469 0.082074
0 0.441448 0.202690 0.041625 0.069176
0 0.482609 0.125088 0.026448 0.051843
0 0.528635 0.157944 0.034604 0.054667
0 0.776146 0.435898 0.096458 0.141352
0 0.943151 0.531028 0.074531 0.167130
0 0.504943 0.110980 0.019865 0.045393
0 0.681911 0.100680 0.056594 0.090741
