0 0.335557 0.233130 0.045260 0.074407
0 0.414807 0.868574 0.167031 0.266556
1 0.140657 0.771287 0.201041 0.403352
0 0.636250 0.125491 0.031667 0.052648
0 0.576380 0.093444 0.024844 0.041761
0 0.688620 0.155722 0.038490 0.057481
0 0.677057 0.200477 0.050677 0.081676
0 0.376036 0.421185 0.082677 0.124000
0 0.295083 0.387324 0.077229 0.107056
0 0.508354 0.207731 0.042562 0.067167
0 0.746120 0.243407 0.055469 0.082889
0 0.440312 0.204704 0.043896 0.068370
0 0.482151 0.124282 0.025531 0.050231
0 0.529089 0.157537 0.036406 0.053852
0 0.772292 0.425417 0.094271 0.139722
0 0.939974 0.514907 0.079948 0.163926
0 0.505620 0.110981 0.022135 0.040556
0 0.680688 0.099889 0.056146 0.089159
