0 0.335328 0.229907 0.044802 0.074407
0 0.411182 0.886315 0.166115 0.231074
1 0.121154 0.790630 0.210108 0.385593
0 0.635990 0.123074 0.029375 0.051037
0 0.576146 0.089817 0.025313 0.044181
0 0.688385 0.150889 0.038021 0.059093
0 0.676823 0.197245 0.048438 0.078435
0 0.371495 0.433685 0.084490 0.128037
0 0.287370 0.397398 0.080865 0.111093
0 0.507667 0.207731 0.043000 0.067167
0 0.745182 0.238176 0.055469 0.083685
0 0.439177 0.206722 0.046167 0.067556
0 0.481698 0.123477 0.024625 0.048620
0 0.529536 0.157134 0.038219 0.053046
0 0.768437 0.414944 0.091979 0.138111
0 0.936797 0.498787 0.085365 0.160685
0 0.506302 0.110977 0.024396 0.035713
0 0.679469 0.099099 0.055708 0.087580
