0 0.335214 0.228296 0.044573 0.074407
0 0.409365 0.895185 0.165667 0.213333
1 0.109885 0.800324 0.217687 0.376759
0 0.635885 0.121861 0.028229 0.050222
0 0.576042 0.088001 0.025521 0.045387
0 0.688281 0.148468 0.037812 0.059898
0 0.676719 0.195639 0.047292 0.076833
0 0.369229 0.439935 0.085396 0.130056
0 0.283516 0.402435 0.082677 0.113093
0 0.507339 0.207731 0.043240 0.067167
0 0.744740 0.235546 0.055417 0.084093
0 0.438615 0.207731 0.047292 0.067167
0 0.481474 0.123069 0.024177 0.047806
0 0.529766 0.156935 0.039115 0.052648
0 0.766510 0.409694 0.090833 0.137315
0 0.935208 0.490722 0.088125 0.159074
0 0.506641 0.110981 0.025531 0.033296
0 0.463781 0.101306 0.026896 0.033296
0 0.678854 0.098704 0.055479 0.086789
