0 0.334990 0.228898 0.045021 0.074833
0 0.635781 0.122472 0.028021 0.050630
0 0.576250 0.088406 0.025104 0.043780
0 0.687604 0.148671 0.036875 0.059491
0 0.676146 0.195435 0.047500 0.076426
0 0.366167 0.448398 0.085625 0.132463
0 0.279099 0.410704 0.084260 0.114333
0 0.506990 0.210556 0.043000 0.069593
0 0.744297 0.233926 0.055469 0.083296
0 0.437484 0.209745 0.046844 0.068769
0 0.481250 0.124282 0.025083 0.047806
0 0.529094 0.158144 0.038687 0.052639
0 0.764453 0.406056 0.089948 0.134889
0 0.933516 0.484880 0.091094 0.156241
0 0.507099 0.112190 0.025531 0.034102
0 0.463672 0.101907 0.026198 0.034500
0 0.678437 0.098210 0.055208 0.086987
