0 0.334531 0.230102 0.045937 0.075648
0 0.635547 0.123681 0.027552 0.051435
0 0.576719 0.089207 0.024167 0.040548
0 0.686224 0.149074 0.035052 0.058685
0 0.675026 0.195037 0.047969 0.075630
0 0.360042 0.465333 0.086083 0.137296
0 0.270250 0.427241 0.087438 0.116741
0 0.506292 0.216199 0.042521 0.074417
0 0.743359 0.230704 0.055469 0.081667
0 0.435219 0.213778 0.045937 0.072000
0 0.480792 0.126699 0.026896 0.047806
0 0.527729 0.160565 0.037771 0.052648
0 0.760365 0.398815 0.088125 0.130037
0 0.930104 0.473185 0.096979 0.150630
0 0.508005 0.114606 0.025531 0.035713
0 0.463443 0.103120 0.024844 0.036926
0 0.677604 0.097222 0.054646 0.087381
