0 0.333854 0.231917 0.047292 0.076833
0 0.635208 0.125491 0.026875 0.052648
0 0.577396 0.090420 0.022812 0.035715
0 0.684193 0.149676 0.032344 0.057481
0 0.673307 0.194426 0.048698 0.074407
0 0.350865 0.490722 0.086750 0.144556
0 0.256984 0.452019 0.092198 0.120370
0 0.505276 0.224662 0.041844 0.081676
0 0.742005 0.225870 0.055469 0.079259
0 0.431812 0.219824 0.044583 0.076833
0 0.480109 0.130329 0.029615 0.047806
0 0.525698 0.164194 0.036417 0.052648
0 0.754271 0.387917 0.085417 0.122796
0 0.925000 0.455657 0.105833 0.142130
0 0.509370 0.118236 0.025531 0.038139
0 0.463104 0.104931 0.022812 0.040546
0 0.676354 0.095741 0.053812 0.087974
