0 0.334307 0.231519 0.047302 0.077630
0 0.634766 0.122671 0.026927 0.051843
0 0.577396 0.087599 0.022812 0.038135
0 0.684193 0.147259 0.033281 0.057481
0 0.671953 0.191199 0.048698 0.074417
0 0.344057 0.510065 0.094010 0.154241
0 0.246099 0.469759 0.096740 0.126815
0 0.505286 0.225463 0.042760 0.078444
0 0.740677 0.219819 0.053646 0.075213
0 0.430677 0.224657 0.045042 0.076833
0 0.479656 0.129926 0.028708 0.048611
0 0.526365 0.166616 0.036854 0.055880
0 0.751094 0.378648 0.083542 0.120370
0 0.917292 0.441139 0.104896 0.138907
0 0.510047 0.117833 0.026885 0.040556
0 0.462198 0.105333 0.022812 0.039741
0 0.675521 0.094754 0.053271 0.088370
