0 0.334536 0.231306 0.047302 0.078056
0 0.634531 0.121255 0.026875 0.051435
0 0.577396 0.086189 0.022812 0.039344
0 0.684193 0.146051 0.033698 0.057491
0 0.671276 0.189588 0.048698 0.074417
0 0.340661 0.519750 0.097635 0.159056
0 0.240656 0.478630 0.099000 0.130037
0 0.505271 0.225870 0.043208 0.076852
0 0.739974 0.216801 0.052760 0.073213
0 0.430115 0.227083 0.045250 0.076833
0 0.479432 0.129722 0.028260 0.049019
0 0.526708 0.167824 0.037104 0.057500
0 0.749505 0.374019 0.082656 0.119185
0 0.913464 0.433880 0.104427 0.137315
0 0.510385 0.117630 0.027563 0.041759
0 0.461745 0.105535 0.022823 0.039337
0 0.675104 0.094259 0.052979 0.088567
