0 0.335214 0.230713 0.047302 0.079241
0 0.633854 0.117026 0.026875 0.050226
0 0.577396 0.081952 0.022812 0.042967
0 0.684193 0.142426 0.035052 0.057481
0 0.669219 0.184755 0.048646 0.074417
0 0.330448 0.548769 0.108521 0.173574
0 0.224328 0.505231 0.105802 0.139722
0 0.505276 0.227083 0.044552 0.071981
0 0.737943 0.207731 0.050052 0.067167
0 0.428411 0.234343 0.045927 0.076833
0 0.478750 0.129120 0.026896 0.050222
0 0.527729 0.171449 0.037771 0.062324
0 0.744740 0.360111 0.080000 0.115556
0 0.901901 0.412120 0.103073 0.132463
0 0.511401 0.117028 0.029594 0.045389
0 0.460385 0.106139 0.022812 0.038130
0 0.673854 0.092778 0.052146 0.089159
