0 0.335219 0.231306 0.045937 0.075611
0 0.632839 0.117028 0.026198 0.052648
0 0.577734 0.081350 0.022135 0.041763
0 0.683854 0.139403 0.035729 0.051435
0 0.668203 0.178704 0.047969 0.072000
0 0.316849 0.585056 0.113969 0.185667
0 0.202224 0.541519 0.116010 0.161481
0 0.504255 0.233130 0.045240 0.076815
0 0.735547 0.204704 0.047969 0.068370
0 0.425349 0.240991 0.049344 0.075611
0 0.476714 0.132750 0.029615 0.052648
0 0.527047 0.173259 0.040490 0.061111
0 0.740313 0.352250 0.076563 0.119167
0 0.891693 0.397602 0.099010 0.130056
0 0.512078 0.120051 0.030948 0.044176
0 0.460385 0.108562 0.022812 0.038135
0 0.672604 0.091296 0.051312 0.089752
