0 0.335214 0.231926 0.044573 0.072000
0 0.631823 0.117025 0.025521 0.055061
0 0.578073 0.080744 0.021458 0.040550
0 0.683516 0.136380 0.036406 0.045389
0 0.667188 0.172657 0.047292 0.069574
0 0.303240 0.621333 0.119417 0.197778
0 0.180115 0.577796 0.126208 0.183259
0 0.503234 0.239176 0.045927 0.081685
0 0.733177 0.201676 0.045937 0.069574
0 0.422286 0.247648 0.052740 0.074407
0 0.474672 0.136375 0.032323 0.055065
0 0.526365 0.175079 0.043208 0.059917
0 0.735885 0.344389 0.073125 0.122778
0 0.881484 0.383083 0.094948 0.127611
0 0.512781 0.123069 0.032354 0.042972
0 0.460385 0.110980 0.022812 0.038133
0 0.493719 0.094047 0.024167 0.033294
0 0.671354 0.089815 0.050479 0.090344
