0 0.334990 0.231519 0.044125 0.072815
0 0.631797 0.114607 0.024635 0.051841
0 0.578073 0.079535 0.022396 0.038133
0 0.682370 0.135972 0.035990 0.049426
0 0.665599 0.171847 0.046823 0.069565
0 0.292583 0.651167 0.125292 0.210667
0 0.161974 0.606019 0.133469 0.188111
0 0.502568 0.244009 0.045490 0.083278
0 0.731823 0.198056 0.046875 0.068778
0 0.419797 0.254093 0.053198 0.077630
0 0.474219 0.137583 0.032333 0.054259
0 0.525687 0.177898 0.041854 0.059093
0 0.732943 0.337537 0.070885 0.115556
0 0.874896 0.373407 0.090833 0.122778
0 0.513458 0.124282 0.031000 0.043769
0 0.459479 0.112593 0.022812 0.036519
0 0.492583 0.093644 0.022812 0.034100
0 0.670521 0.088828 0.049937 0.090741
