0 0.334651 0.231917 0.042990 0.073611
0 0.631589 0.110575 0.023281 0.045387
0 0.577839 0.077318 0.023698 0.033698
0 0.680000 0.135366 0.034792 0.057083
0 0.661979 0.170245 0.045000 0.069583
0 0.265036 0.733806 0.140490 0.241315
0 0.117525 0.684426 0.148429 0.205444
0 0.500641 0.256306 0.045281 0.086907
0 0.728646 0.190602 0.048646 0.067574
0 0.413677 0.271222 0.054562 0.084481
0 0.472969 0.141412 0.032104 0.053046
0 0.524328 0.185764 0.039573 0.058694
0 0.725807 0.322019 0.066094 0.101407
0 0.859036 0.350639 0.082656 0.111093
0 0.515271 0.128718 0.028729 0.046194
0 0.457328 0.117028 0.023490 0.034907
0 0.490323 0.094248 0.020542 0.036115
0 0.668437 0.089815 0.048542 0.088767
