0 0.334990 0.235537 0.042312 0.071185
0 0.630911 0.112993 0.024635 0.045385
0 0.577161 0.077924 0.022344 0.034911
0 0.679661 0.135972 0.034115 0.055870
0 0.660625 0.170245 0.042292 0.069583
0 0.246323 0.802741 0.150708 0.255815
0 0.093039 0.750333 0.149797 0.228407
0 0.498943 0.264167 0.047323 0.088111
0 0.727292 0.189995 0.048646 0.068787
0 0.410271 0.283926 0.055917 0.085704
0 0.471948 0.145648 0.031417 0.054259
0 0.524323 0.192412 0.040937 0.062324
0 0.722057 0.316574 0.065469 0.102630
0 0.850859 0.340361 0.082656 0.105056
0 0.516625 0.134764 0.030083 0.048620
0 0.456307 0.120653 0.025531 0.039750
0 0.490318 0.098483 0.021906 0.037330
0 0.667188 0.090407 0.047708 0.087581
