0 0.335214 0.237972 0.041865 0.069574
0 0.630469 0.114609 0.025521 0.045393
0 0.576719 0.078327 0.021458 0.035717
0 0.679453 0.136375 0.033698 0.055065
0 0.659714 0.170245 0.040469 0.069583
0 0.233854 0.848713 0.157500 0.265537
0 0.076552 0.794269 0.151021 0.243722
0 0.497802 0.269407 0.048667 0.088926
0 0.726354 0.189593 0.048646 0.069593
0 0.408005 0.292389 0.056823 0.086519
0 0.471271 0.148468 0.030979 0.055065
0 0.524328 0.196847 0.041865 0.064750
0 0.719583 0.312944 0.065000 0.103444
0 0.845417 0.333509 0.082708 0.101019
0 0.517531 0.138796 0.030979 0.050222
0 0.455625 0.123069 0.026896 0.042972
0 0.490318 0.101304 0.022802 0.038133
0 0.666354 0.090803 0.047146 0.086791
