0 0.335214 0.237972 0.043219 0.069574
0 0.628750 0.112792 0.026250 0.044176
0 0.679115 0.133958 0.033021 0.050231
0 0.659010 0.167824 0.041875 0.067167
0 0.209026 0.881352 0.169073 0.212296
0 0.056823 0.839028 0.111562 0.219537
0 0.496781 0.276667 0.050708 0.091333
0 0.724323 0.185356 0.045937 0.068361
0 0.403927 0.303880 0.059542 0.090130
0 0.470250 0.150282 0.031646 0.053861
0 0.523990 0.201681 0.041188 0.067157
0 0.716849 0.305685 0.063594 0.101037
0 0.837604 0.324426 0.079271 0.102222
0 0.517193 0.141815 0.030302 0.049019
0 0.455281 0.124889 0.024854 0.041759
0 0.489635 0.102514 0.022812 0.035713
0 0.665104 0.091395 0.046312 0.085606
