0 0.335219 0.237972 0.043667 0.069574
0 0.628177 0.112187 0.026458 0.043774
0 0.678984 0.133148 0.032760 0.048611
0 0.658802 0.167009 0.042292 0.066352
0 0.200750 0.892250 0.172917 0.194574
0 0.050247 0.853907 0.098411 0.211444
0 0.496443 0.279093 0.051385 0.092148
0 0.723646 0.183944 0.045000 0.067963
0 0.402562 0.307704 0.060458 0.091333
0 0.469911 0.150889 0.031885 0.053444
0 0.523885 0.203296 0.040979 0.067963
0 0.715964 0.303269 0.063177 0.100204
0 0.835000 0.321407 0.078125 0.102630
0 0.517062 0.142824 0.030042 0.048611
0 0.455172 0.125491 0.024177 0.041352
0 0.489406 0.102917 0.022812 0.034907
0 0.664687 0.091593 0.046042 0.085211
