0 0.335214 0.237972 0.044573 0.069574
0 0.627057 0.110979 0.026927 0.042969
0 0.678750 0.131537 0.032292 0.045389
0 0.658333 0.165403 0.043229 0.064750
0 0.184193 0.918157 0.180635 0.167389
0 0.037096 0.883787 0.072109 0.195389
0 0.495760 0.283917 0.052750 0.093759
0 0.722292 0.181125 0.043229 0.067157
0 0.399844 0.315361 0.062271 0.093759
0 0.469229 0.152097 0.032333 0.052639
0 0.523651 0.206523 0.040510 0.069583
0 0.714115 0.298435 0.062292 0.098611
0 0.829766 0.315361 0.075885 0.103426
0 0.516854 0.144838 0.029625 0.047806
0 0.454943 0.126699 0.022802 0.040546
0 0.488958 0.103722 0.022812 0.033296
0 0.943359 0.843852 0.077240 0.260630
0 0.663854 0.091988 0.045479 0.084420
