0 0.335891 0.241194 0.043219 0.071204
0 0.627969 0.112993 0.026875 0.043774
0 0.678750 0.132745 0.031458 0.047806
0 0.657656 0.165403 0.041875 0.064750
0 0.495536 0.290370 0.053198 0.097000
0 0.720469 0.181532 0.043229 0.067972
0 0.397120 0.326259 0.062260 0.096185
0 0.468552 0.156532 0.031875 0.053454
0 0.524094 0.212569 0.041396 0.067157
0 0.710938 0.295213 0.061354 0.098611
0 0.824089 0.311741 0.074531 0.096185
0 0.517078 0.149681 0.029177 0.047806
0 0.454490 0.130329 0.023708 0.042972
0 0.488953 0.107756 0.023719 0.036524
0 0.936589 0.810796 0.089948 0.249333
0 0.663021 0.092383 0.044937 0.083630
