0 0.336573 0.244417 0.041854 0.072796
0 0.628854 0.115014 0.026875 0.044583
0 0.678750 0.133958 0.030521 0.050231
0 0.656979 0.165403 0.040521 0.064750
0 0.495307 0.296815 0.053656 0.100222
0 0.718646 0.181931 0.043229 0.068769
0 0.394401 0.337139 0.062260 0.098611
0 0.467870 0.160963 0.031427 0.054259
0 0.524562 0.218611 0.042333 0.064741
0 0.707786 0.291981 0.060469 0.098593
0 0.818438 0.308111 0.073125 0.088926
0 0.517307 0.154514 0.028719 0.047806
0 0.454036 0.133954 0.024615 0.045389
0 0.488958 0.111785 0.024625 0.039744
0 0.929766 0.777741 0.102656 0.238074
0 0.662187 0.092778 0.044375 0.082841
