0 0.336917 0.246028 0.041167 0.073611
0 0.629323 0.116019 0.026875 0.044981
0 0.678750 0.134560 0.030104 0.051435
0 0.656641 0.165403 0.039844 0.064750
0 0.495193 0.300037 0.053885 0.101815
0 0.717760 0.182134 0.043229 0.069176
0 0.393036 0.342574 0.062260 0.099815
0 0.467531 0.163185 0.031208 0.054667
0 0.524771 0.221639 0.042750 0.063537
0 0.706198 0.290370 0.060000 0.098593
0 0.815599 0.306296 0.072448 0.085296
0 0.517422 0.156935 0.028490 0.047815
0 0.453807 0.135773 0.025073 0.046602
0 0.488958 0.113801 0.025083 0.041361
0 0.926380 0.761222 0.109010 0.232444
