0 0.337250 0.247648 0.040500 0.074407
0 0.629766 0.117028 0.026927 0.045389
0 0.678750 0.135167 0.029583 0.052648
0 0.656302 0.165403 0.039167 0.064750
0 0.495083 0.303269 0.054104 0.103426
0 0.716849 0.182338 0.043177 0.069583
0 0.391677 0.348028 0.062271 0.101019
0 0.467187 0.165407 0.030979 0.055074
0 0.525005 0.224667 0.043219 0.062333
0 0.704609 0.288759 0.059531 0.098593
0 0.812760 0.304481 0.071771 0.081667
0 0.517531 0.159356 0.028271 0.047806
0 0.453583 0.137588 0.025521 0.047806
0 0.488953 0.115819 0.025531 0.042972
0 0.922969 0.744694 0.115312 0.226796
