0 0.337594 0.248250 0.041188 0.074019
0 0.629531 0.116824 0.026875 0.044981
0 0.678411 0.134764 0.029844 0.051028
0 0.656198 0.164796 0.039375 0.065148
0 0.494635 0.305889 0.054583 0.103037
0 0.716276 0.181329 0.042969 0.068380
0 0.389750 0.353463 0.064292 0.103852
0 0.466849 0.165806 0.031656 0.055870
0 0.524224 0.226676 0.044365 0.063130
0 0.704036 0.287157 0.058906 0.097796
0 0.810495 0.302065 0.071823 0.084907
0 0.517526 0.160361 0.028698 0.048204
0 0.453130 0.137986 0.025990 0.047806
0 0.488729 0.116218 0.025083 0.041361
0 0.920000 0.730778 0.120313 0.222370
