0 0.338276 0.249454 0.042552 0.073204
0 0.629089 0.116421 0.026927 0.044176
0 0.677734 0.133958 0.030260 0.047806
0 0.655964 0.163593 0.039844 0.065963
0 0.493719 0.311130 0.055458 0.102222
0 0.715130 0.179315 0.042552 0.065963
0 0.385896 0.364352 0.068396 0.109481
0 0.466172 0.166611 0.033010 0.057481
0 0.522630 0.230704 0.046615 0.064741
0 0.702917 0.283926 0.057500 0.096185
0 0.805964 0.297222 0.071823 0.091333
0 0.517531 0.162380 0.029625 0.049019
0 0.452224 0.138792 0.026885 0.047806
0 0.488276 0.117028 0.024177 0.038130
0 0.914115 0.702972 0.130312 0.213500
