0 0.339177 0.251880 0.044354 0.072389
0 0.628281 0.115417 0.026667 0.043778
0 0.676380 0.131741 0.030260 0.044981
0 0.654922 0.160759 0.040052 0.066741
0 0.491677 0.322019 0.057729 0.102222
0 0.712656 0.174870 0.041146 0.061111
0 0.378417 0.386111 0.076104 0.118370
0 0.464922 0.169032 0.035510 0.060713
0 0.520375 0.238565 0.049354 0.067574
0 0.700078 0.276870 0.055469 0.093370
0 0.797135 0.286343 0.070417 0.098611
0 0.517635 0.166005 0.031187 0.051435
0 0.450521 0.141412 0.028479 0.048213
0 0.487365 0.118236 0.023271 0.034102
0 0.898828 0.648546 0.142760 0.194944
