0 0.338844 0.254491 0.044125 0.073611
0 0.627839 0.112388 0.025781 0.046594
0 0.674557 0.125287 0.027135 0.053852
0 0.651328 0.154519 0.037760 0.064741
0 0.487823 0.340361 0.062729 0.108278
0 0.708229 0.165806 0.038229 0.055870
0 0.367417 0.420380 0.084479 0.122389
0 0.463219 0.175282 0.038000 0.065954
0 0.520594 0.248852 0.046625 0.070370
0 0.693594 0.262759 0.054792 0.089333
0 0.784766 0.264769 0.062969 0.086093
0 0.517755 0.170444 0.033240 0.057889
0 0.448370 0.148671 0.029156 0.049824
0 0.485672 0.118236 0.025760 0.038139
0 0.861979 0.574769 0.127083 0.167537
