0 0.339521 0.253287 0.046854 0.071204
0 0.628177 0.109367 0.026458 0.042970
0 0.674219 0.121056 0.027813 0.050222
0 0.650651 0.150889 0.037760 0.064741
0 0.486464 0.350028 0.064073 0.108278
0 0.706875 0.159759 0.039583 0.058296
0 0.359927 0.441546 0.085854 0.128426
0 0.461521 0.175880 0.038687 0.069574
0 0.519573 0.252481 0.048667 0.072815
0 0.691224 0.253685 0.052760 0.083259
0 0.778307 0.254500 0.060885 0.084889
0 0.516396 0.174671 0.035958 0.059102
0 0.447005 0.149278 0.027802 0.048611
0 0.483969 0.118236 0.026437 0.038139
0 0.848385 0.543935 0.117604 0.163907
