0 0.339750 0.252880 0.047750 0.070389
0 0.628281 0.108359 0.026667 0.041763
0 0.674115 0.119648 0.028021 0.049019
0 0.650391 0.149676 0.037760 0.064741
0 0.486010 0.353269 0.064542 0.108278
0 0.706432 0.157745 0.040052 0.059102
0 0.357437 0.448593 0.086313 0.130444
0 0.460948 0.176079 0.038917 0.070769
0 0.519229 0.253685 0.049354 0.073630
0 0.690417 0.250667 0.052083 0.081259
0 0.776146 0.251065 0.060208 0.084500
0 0.515943 0.176083 0.036865 0.059500
0 0.446557 0.149477 0.027344 0.048213
0 0.483401 0.118236 0.026677 0.038139
0 0.843828 0.533657 0.114427 0.162685
