0 0.340323 0.252880 0.047979 0.071204
0 0.628281 0.106947 0.026667 0.042161
0 0.673880 0.117630 0.027552 0.047407
0 0.649714 0.147667 0.037344 0.064741
0 0.484760 0.360306 0.065667 0.112722
0 0.705286 0.154718 0.040052 0.058694
0 0.351432 0.464926 0.087885 0.136481
0 0.460156 0.177903 0.039146 0.071194
0 0.518542 0.257111 0.051146 0.074815
0 0.688620 0.245824 0.051198 0.079648
0 0.772292 0.245620 0.059271 0.081685
0 0.515156 0.178500 0.038021 0.061111
0 0.445984 0.150486 0.027573 0.047806
0 0.483172 0.118639 0.026656 0.038944
0 0.835677 0.515519 0.110313 0.159481
