0 0.340656 0.253278 0.047313 0.072815
0 0.628177 0.106546 0.026458 0.043778
0 0.673750 0.117028 0.026875 0.047000
0 0.649271 0.146856 0.036875 0.064731
0 0.483964 0.364139 0.066344 0.117130
0 0.704583 0.153713 0.039583 0.057481
0 0.347911 0.474194 0.089031 0.140537
0 0.459932 0.179509 0.039135 0.070389
0 0.518219 0.259333 0.052312 0.075222
0 0.687604 0.244009 0.050937 0.080056
0 0.770599 0.243602 0.059115 0.079241
0 0.514802 0.179509 0.038208 0.062315
0 0.445875 0.151292 0.028250 0.047806
0 0.483521 0.119042 0.026437 0.039750
0 0.832057 0.507648 0.109427 0.157444
