0 0.341000 0.253685 0.046625 0.074407
0 0.628073 0.106140 0.026250 0.045387
0 0.673646 0.116421 0.026250 0.046602
0 0.648828 0.146051 0.036406 0.064731
0 0.483177 0.367972 0.067021 0.121574
0 0.703932 0.152704 0.039115 0.056278
0 0.344401 0.483463 0.090156 0.144556
0 0.459703 0.181120 0.039135 0.069574
0 0.517870 0.261556 0.053427 0.075630
0 0.686589 0.242194 0.050677 0.080463
0 0.768906 0.241602 0.058854 0.076833
0 0.514469 0.180523 0.038458 0.063546
0 0.445760 0.152097 0.028938 0.047806
0 0.483854 0.119444 0.026208 0.040556
0 0.828411 0.499796 0.108490 0.155444
