0 0.341339 0.254093 0.045948 0.076037
0 0.627943 0.105739 0.025990 0.047004
0 0.673542 0.115819 0.025521 0.046194
0 0.648359 0.145241 0.035990 0.064741
0 0.482375 0.371796 0.067708 0.126000
0 0.703255 0.151694 0.038698 0.055056
0 0.340885 0.492731 0.091292 0.148574
0 0.459479 0.182741 0.039125 0.068778
0 0.517521 0.263769 0.054542 0.076019
0 0.685547 0.240380 0.050469 0.080870
0 0.767188 0.239583 0.058646 0.074426
0 0.514141 0.181532 0.038698 0.064750
0 0.445651 0.152903 0.029615 0.047806
0 0.484198 0.119847 0.025979 0.041361
0 0.824792 0.491935 0.107604 0.153426
