0 0.341682 0.254500 0.045260 0.077630
0 0.627839 0.105333 0.025781 0.048611
0 0.673411 0.115213 0.024844 0.045796
0 0.647917 0.144435 0.035521 0.064741
0 0.481589 0.375630 0.068385 0.130444
0 0.702552 0.150685 0.038229 0.053852
0 0.337370 0.502019 0.092427 0.152630
0 0.459255 0.184347 0.039135 0.067972
0 0.517198 0.265981 0.055708 0.076407
0 0.684531 0.238574 0.050208 0.081259
0 0.765495 0.237565 0.058385 0.071981
0 0.513781 0.182537 0.038896 0.065963
0 0.445531 0.153708 0.030292 0.047806
0 0.484531 0.120250 0.025750 0.042167
0 0.821172 0.484065 0.106719 0.151426
