0 0.342021 0.254898 0.044583 0.079241
0 0.627734 0.104932 0.025573 0.050228
0 0.673333 0.114609 0.024167 0.045393
0 0.647474 0.143630 0.035052 0.064741
0 0.480792 0.379454 0.069062 0.134870
0 0.701875 0.149676 0.037812 0.052648
0 0.333854 0.511278 0.093562 0.156667
0 0.459026 0.185958 0.039135 0.067157
0 0.516849 0.268194 0.056823 0.076833
0 0.683516 0.236759 0.050052 0.081667
0 0.763776 0.235546 0.058177 0.069574
0 0.513448 0.183546 0.039146 0.067167
0 0.445422 0.154514 0.030969 0.047806
0 0.484880 0.120653 0.025531 0.042972
0 0.817526 0.476213 0.105781 0.149389
0 0.463109 0.091629 0.020094 0.038131
0 0.496443 0.094048 0.021448 0.028459
