0 0.342021 0.254083 0.044583 0.079241
0 0.646536 0.141616 0.035052 0.062324
0 0.478073 0.388333 0.069062 0.133259
0 0.700755 0.148065 0.036406 0.051037
0 0.326370 0.531444 0.101281 0.164704
0 0.457891 0.186769 0.039594 0.067167
0 0.516615 0.272639 0.056354 0.080870
0 0.682370 0.231519 0.050469 0.084074
0 0.761068 0.231519 0.057240 0.071185
0 0.513437 0.187171 0.040937 0.066361
0 0.444516 0.156130 0.030969 0.047815
0 0.484422 0.121458 0.025531 0.041361
0 0.810260 0.462102 0.102188 0.142130
0 0.462656 0.093240 0.020083 0.038131
0 0.495984 0.094047 0.021448 0.030072
