0 0.342021 0.253685 0.044583 0.079259
0 0.646120 0.140611 0.035052 0.061111
0 0.476714 0.392750 0.069073 0.132463
0 0.700182 0.147259 0.035781 0.050222
0 0.322630 0.541509 0.105135 0.168759
0 0.457323 0.187176 0.039813 0.067167
0 0.516510 0.274843 0.056146 0.082870
0 0.681823 0.228889 0.050729 0.085296
0 0.759714 0.229500 0.056823 0.072000
0 0.513448 0.188986 0.041854 0.065954
0 0.444063 0.156935 0.030979 0.047815
0 0.484193 0.121861 0.025531 0.040556
0 0.806641 0.455037 0.100365 0.138519
0 0.462427 0.094046 0.020083 0.038130
0 0.495760 0.094045 0.021458 0.030872
