0 0.342021 0.253287 0.044583 0.079241
0 0.645651 0.139602 0.035052 0.059907
0 0.475354 0.397204 0.069062 0.131667
0 0.699609 0.146454 0.035052 0.049426
0 0.318885 0.551593 0.108979 0.172778
0 0.456750 0.187569 0.040042 0.067157
0 0.516406 0.277065 0.055938 0.084907
0 0.681250 0.226269 0.050937 0.086500
0 0.758333 0.227491 0.056354 0.072796
0 0.513453 0.190801 0.042781 0.065546
0 0.443609 0.157741 0.030969 0.047815
0 0.483974 0.122269 0.025531 0.039741
0 0.803021 0.447991 0.098542 0.134870
0 0.462203 0.094852 0.020094 0.038130
0 0.495536 0.094047 0.021448 0.031683
