0 0.342021 0.255694 0.046396 0.079241
0 0.643828 0.134361 0.033281 0.054259
0 0.469458 0.429444 0.077229 0.141333
0 0.695755 0.139194 0.033698 0.055870
0 0.292359 0.631417 0.127573 0.219537
0 0.454714 0.192412 0.040490 0.071991
0 0.513906 0.292787 0.060000 0.092167
0 0.676484 0.220231 0.049531 0.080870
0 0.750182 0.213778 0.053698 0.071185
0 0.509802 0.201676 0.044562 0.069574
0 0.440885 0.165810 0.029167 0.051046
0 0.483063 0.127912 0.028250 0.041361
0 0.783984 0.410491 0.087656 0.122796
0 0.460385 0.099691 0.022812 0.041359
0 0.494625 0.098887 0.024167 0.036522
0 0.912552 0.789028 0.134375 0.263870
