0 0.342016 0.256500 0.046844 0.079259
0 0.643594 0.133551 0.032813 0.053454
0 0.468661 0.435287 0.079260 0.144167
0 0.695078 0.137787 0.033698 0.057889
0 0.287594 0.646324 0.130292 0.229204
0 0.454490 0.193417 0.040500 0.073204
0 0.513333 0.295611 0.061146 0.092963
0 0.675599 0.220023 0.049115 0.078843
0 0.748828 0.211352 0.053177 0.070370
0 0.508906 0.203495 0.044583 0.070787
0 0.440432 0.167417 0.028698 0.051833
0 0.482943 0.129120 0.028927 0.042167
0 0.781016 0.404657 0.085885 0.121574
0 0.460047 0.100500 0.023490 0.042167
0 0.494516 0.100095 0.024844 0.037328
0 0.908906 0.772907 0.141146 0.259852
