0 0.342016 0.257315 0.047302 0.079259
0 0.643359 0.132750 0.032344 0.052648
0 0.467870 0.441139 0.081323 0.146981
0 0.694401 0.136375 0.033698 0.059898
0 0.282839 0.661241 0.133010 0.238889
0 0.454260 0.194426 0.040500 0.074407
0 0.512771 0.298435 0.062271 0.093759
0 0.674687 0.219824 0.048646 0.076833
0 0.747474 0.208935 0.052760 0.069574
0 0.508016 0.205315 0.044594 0.072000
0 0.439979 0.169028 0.028250 0.052648
0 0.482839 0.130329 0.029615 0.042972
0 0.778073 0.398796 0.084062 0.120370
0 0.459703 0.101303 0.024177 0.042969
0 0.494401 0.101304 0.025531 0.038133
0 0.905286 0.756787 0.147969 0.255833
