0 0.342245 0.258528 0.047760 0.080056
0 0.642917 0.130329 0.033229 0.054250
0 0.464469 0.452833 0.083583 0.147778
0 0.694167 0.135167 0.033229 0.057481
0 0.271495 0.701556 0.142990 0.251778
0 0.452901 0.197250 0.041406 0.073611
0 0.513443 0.302870 0.059990 0.099407
0 0.673750 0.217407 0.045937 0.075222
0 0.744974 0.205310 0.051406 0.070380
0 0.507552 0.209343 0.044583 0.073611
0 0.440432 0.167417 0.030073 0.052648
0 0.481927 0.130329 0.028708 0.044583
0 0.773099 0.390759 0.082240 0.120370
0 0.458802 0.101706 0.025083 0.042161
0 0.494401 0.100901 0.024615 0.037328
0 0.898724 0.728574 0.155677 0.249370
