0 0.342354 0.259139 0.047979 0.080463
0 0.642682 0.129116 0.033698 0.055065
0 0.462766 0.458676 0.084719 0.148167
0 0.694063 0.134560 0.033021 0.056269
0 0.265828 0.721713 0.147990 0.258241
0 0.452224 0.198657 0.041865 0.073204
0 0.513792 0.305093 0.058875 0.102222
0 0.673333 0.216199 0.044583 0.074417
0 0.743724 0.203495 0.050677 0.070787
0 0.507333 0.211352 0.044604 0.074407
0 0.440661 0.166616 0.030969 0.052657
0 0.481469 0.130329 0.028250 0.045398
0 0.770599 0.386704 0.081302 0.120370
0 0.458344 0.101907 0.025521 0.041759
0 0.494401 0.100697 0.024177 0.036920
0 0.895417 0.714454 0.159583 0.246130
