0 0.342583 0.260343 0.048438 0.081278
0 0.642240 0.126699 0.034583 0.056676
0 0.459365 0.470370 0.086979 0.149000
0 0.693828 0.133352 0.032552 0.053852
0 0.254490 0.762028 0.157958 0.271130
0 0.450865 0.201481 0.042771 0.072407
0 0.514464 0.309509 0.056594 0.107870
0 0.672396 0.213778 0.041875 0.072815
0 0.741224 0.199870 0.049323 0.071593
0 0.506870 0.215389 0.044594 0.076037
0 0.441109 0.165005 0.032781 0.052657
0 0.480568 0.130329 0.027344 0.047009
0 0.765599 0.378648 0.079531 0.120370
0 0.457437 0.102311 0.026437 0.040952
0 0.494396 0.100294 0.023271 0.036115
0 0.888828 0.686241 0.167240 0.239704
