0 0.342016 0.263972 0.047302 0.082870
0 0.641667 0.124884 0.034375 0.051435
0 0.452224 0.493750 0.092198 0.157870
0 0.691510 0.130329 0.031979 0.052639
0 0.220932 0.828722 0.173823 0.259407
0 0.447802 0.207120 0.043896 0.075611
0 0.512776 0.320213 0.059552 0.108278
0 0.670234 0.205917 0.042552 0.070796
0 0.736563 0.192611 0.048646 0.068370
0 0.503234 0.223454 0.044573 0.076833
0 0.438620 0.168431 0.033698 0.056287
0 0.480109 0.130935 0.029615 0.044185
0 0.757656 0.357083 0.073125 0.114315
0 0.456307 0.103723 0.025531 0.040554
0 0.494063 0.100697 0.024854 0.036920
0 0.868542 0.635852 0.156146 0.217111
