0 0.341562 0.265981 0.046396 0.083667
0 0.641432 0.124481 0.033906 0.047407
0 0.448594 0.505435 0.094917 0.163500
0 0.690052 0.128718 0.031771 0.052639
0 0.202339 0.859769 0.181094 0.247315
0 0.446208 0.209944 0.044354 0.078037
0 0.511411 0.325852 0.062281 0.106667
0 0.669115 0.201477 0.043854 0.069972
0 0.734323 0.188986 0.048646 0.065954
0 0.500984 0.227491 0.044594 0.076833
0 0.436802 0.171245 0.033708 0.058694
0 0.480115 0.131333 0.031438 0.041759
0 0.754036 0.345398 0.069531 0.110278
0 0.455854 0.104529 0.024625 0.040554
0 0.493833 0.101100 0.026208 0.037726
0 0.857214 0.611657 0.146198 0.204241
