0 0.341339 0.266991 0.045948 0.084093
0 0.641328 0.124278 0.033698 0.045389
0 0.446776 0.511287 0.096281 0.166315
0 0.689297 0.127907 0.031615 0.052648
0 0.193039 0.878250 0.184714 0.247204
0 0.445417 0.211356 0.044583 0.079250
0 0.510734 0.328667 0.063635 0.105852
0 0.668542 0.199264 0.044583 0.069583
0 0.733177 0.187167 0.048646 0.064741
0 0.499844 0.229509 0.044583 0.076833
0 0.435896 0.172657 0.033688 0.059907
0 0.480115 0.131537 0.032333 0.040556
0 0.752240 0.339546 0.067708 0.108278
0 0.455625 0.104931 0.024167 0.040546
0 0.493719 0.101304 0.026896 0.038133
0 0.851536 0.599574 0.141198 0.197778
