0 0.341109 0.267796 0.046406 0.082481
0 0.640651 0.123069 0.033281 0.047806
0 0.444057 0.528222 0.098094 0.179222
0 0.687813 0.126296 0.031458 0.052648
0 0.444057 0.214588 0.045031 0.081676
0 0.511182 0.339157 0.065448 0.112315
0 0.667188 0.196847 0.044583 0.067972
0 0.730208 0.185153 0.047292 0.062324
0 0.497120 0.236759 0.046406 0.078444
0 0.435214 0.176287 0.035052 0.059093
0 0.480344 0.132343 0.030979 0.040556
0 0.748125 0.333102 0.067708 0.105056
0 0.454943 0.105741 0.025531 0.042167
0 0.493042 0.102109 0.026437 0.041356
0 0.841120 0.578204 0.136615 0.192111
