0 0.340885 0.268602 0.046854 0.080870
0 0.639974 0.121861 0.032760 0.050222
0 0.441339 0.545148 0.099906 0.192111
0 0.686328 0.124685 0.031198 0.052648
0 0.442693 0.217806 0.045490 0.084093
0 0.511630 0.349639 0.067260 0.118759
0 0.665833 0.194431 0.044583 0.066361
0 0.727292 0.183139 0.045937 0.059907
0 0.494401 0.244009 0.048198 0.080056
0 0.434536 0.179912 0.036406 0.058287
0 0.480568 0.133148 0.029615 0.040556
0 0.744062 0.326648 0.067708 0.101815
0 0.454266 0.106546 0.026885 0.043778
0 0.492354 0.102915 0.025979 0.044578
0 0.830677 0.556833 0.132083 0.186481
