0 0.340776 0.269009 0.047073 0.080056
0 0.639635 0.121255 0.032604 0.051435
0 0.439979 0.553620 0.100812 0.198574
0 0.685599 0.123880 0.031094 0.052648
0 0.442016 0.219412 0.045719 0.085287
0 0.511859 0.354870 0.068156 0.122000
0 0.665156 0.193222 0.044583 0.065556
0 0.725807 0.182125 0.045260 0.058676
0 0.493036 0.247639 0.049115 0.080870
0 0.434193 0.181727 0.037094 0.057880
0 0.480682 0.133556 0.028927 0.040556
0 0.742031 0.323426 0.067708 0.100222
0 0.453922 0.106949 0.027573 0.044583
0 0.492021 0.103319 0.025750 0.046196
0 0.825443 0.546157 0.129844 0.183648
