0 0.339750 0.273037 0.047313 0.081667
0 0.639297 0.120653 0.032344 0.052639
0 0.435443 0.583444 0.102635 0.215519
0 0.683750 0.121866 0.031458 0.053454
0 0.439974 0.224259 0.046385 0.088926
0 0.510714 0.366963 0.070865 0.126037
0 0.663802 0.191611 0.042292 0.065556
0 0.722734 0.179111 0.044115 0.058296
0 0.489635 0.258120 0.051375 0.087315
0 0.432490 0.185968 0.037771 0.059102
0 0.479203 0.137588 0.029615 0.044583
0 0.735417 0.312944 0.067708 0.095370
0 0.453130 0.109769 0.028260 0.043776
0 0.490995 0.105740 0.025990 0.043780
0 0.812083 0.518935 0.124896 0.171981
