0 0.338391 0.278481 0.047302 0.085296
0 0.639297 0.120653 0.032344 0.052639
0 0.430682 0.615491 0.103990 0.231241
0 0.682031 0.120051 0.032083 0.054657
0 0.437932 0.229093 0.047073 0.092556
0 0.508677 0.377241 0.073583 0.127222
0 0.662786 0.191005 0.038906 0.066769
0 0.720365 0.176083 0.043438 0.059500
0 0.486578 0.268398 0.053427 0.095759
0 0.430453 0.189593 0.037781 0.061519
0 0.476823 0.143028 0.031646 0.050630
0 0.728646 0.302056 0.067708 0.090556
0 0.452448 0.113398 0.028250 0.041352
0 0.489979 0.108763 0.026667 0.037733
0 0.799844 0.494148 0.120729 0.158667
