0 0.337932 0.280296 0.047302 0.086519
0 0.639297 0.120653 0.032344 0.052639
0 0.429094 0.626176 0.104438 0.236463
0 0.681484 0.119443 0.032344 0.055059
0 0.437255 0.230708 0.047302 0.093769
0 0.508005 0.380667 0.074510 0.127630
0 0.662422 0.190806 0.037760 0.067167
0 0.719583 0.175079 0.043229 0.059917
0 0.485557 0.271833 0.054094 0.098593
0 0.429771 0.190801 0.037771 0.062324
0 0.476031 0.144843 0.032333 0.052648
0 0.726354 0.298435 0.067708 0.088907
0 0.452219 0.114606 0.028250 0.040546
0 0.489635 0.109771 0.026896 0.035717
0 0.795755 0.485889 0.119427 0.154222
