0 0.337031 0.279898 0.048208 0.087315
0 0.637943 0.119042 0.031406 0.052639
0 0.423422 0.648750 0.110344 0.242907
0 0.680573 0.118639 0.033229 0.051833
0 0.437031 0.233130 0.045937 0.090556
0 0.507339 0.387528 0.074073 0.128426
0 0.661510 0.187171 0.039583 0.066361
0 0.717526 0.171042 0.042760 0.058287
0 0.481250 0.279083 0.054562 0.095389
0 0.428411 0.193218 0.037781 0.063935
0 0.475349 0.144037 0.030969 0.051037
0 0.724323 0.293602 0.066354 0.087315
0 0.451083 0.114606 0.025979 0.042157
0 0.490318 0.109368 0.027344 0.036524
0 0.790078 0.472583 0.113490 0.153426
