0 0.335672 0.279287 0.049573 0.088537
0 0.635911 0.116622 0.030052 0.052644
0 0.414922 0.682611 0.119177 0.252593
0 0.679219 0.117426 0.034583 0.047000
0 0.436693 0.236759 0.043906 0.085704
0 0.506292 0.397806 0.073354 0.129648
0 0.660156 0.181727 0.042292 0.065139
0 0.714479 0.165005 0.042083 0.055880
0 0.474786 0.289963 0.055240 0.090556
0 0.426375 0.196843 0.037771 0.066352
0 0.474333 0.142824 0.028938 0.048611
0 0.721276 0.286333 0.064323 0.084889
0 0.449385 0.114606 0.022583 0.044583
0 0.491333 0.108763 0.028021 0.037733
0 0.781589 0.452620 0.104635 0.152204
