0 0.337740 0.279935 0.047708 0.081019
0 0.636250 0.112157 0.029687 0.050870
0 0.411448 0.708833 0.127229 0.252593
0 0.679740 0.115924 0.031771 0.047096
0 0.437422 0.243185 0.049823 0.090444
0 0.504234 0.405315 0.075281 0.131926
0 0.659036 0.180968 0.039219 0.064065
0 0.713672 0.164000 0.040260 0.056519
0 0.474016 0.296907 0.061490 0.096111
0 0.430531 0.199819 0.040271 0.067843
0 0.475073 0.144204 0.031792 0.047093
0 0.717891 0.281833 0.057240 0.081037
0 0.450677 0.116870 0.029667 0.041444
0 0.490443 0.113097 0.024365 0.045213
0 0.777292 0.436417 0.099687 0.137611
