0 0.621432 0.527130 0.100052 0.181185
0 0.528813 0.324481 0.054875 0.100889
0 0.616849 0.278806 0.047552 0.081648
0 0.699063 0.126884 0.026458 0.031657
0 0.715260 0.168000 0.040521 0.059074
0 0.650521 0.235065 0.047813 0.068204
0 0.586562 0.171361 0.032396 0.046574
0 0.649427 0.195157 0.036458 0.045130
0 0.795312 0.222806 0.051354 0.067722
0 0.884688 0.268481 0.061875 0.079259
0 0.886745 0.405731 0.098385 0.115315
0 0.589115 0.129051 0.027292 0.036954
0 0.620495 0.115352 0.025677 0.041278
0 0.545443 0.114389 0.022135 0.035500
