0 0.622526 0.549417 0.102552 0.189833
0 0.526911 0.333778 0.058260 0.102815
0 0.616120 0.283944 0.050052 0.083593
0 0.696693 0.124005 0.027552 0.030380
0 0.711667 0.164630 0.039792 0.056185
0 0.652031 0.239870 0.048333 0.070111
0 0.585833 0.173769 0.032083 0.050093
0 0.649531 0.197407 0.036667 0.043852
0 0.789531 0.216866 0.049896 0.066750
0 0.875417 0.260296 0.061667 0.077000
0 0.875365 0.389704 0.094792 0.110185
0 0.587604 0.129208 0.027083 0.037269
0 0.620391 0.116310 0.027240 0.041269
0 0.543620 0.115028 0.022865 0.036148
