0 0.625078 0.575130 0.106094 0.204111
0 0.526344 0.342111 0.060021 0.104741
0 0.616563 0.288509 0.051562 0.084685
0 0.695078 0.120556 0.027760 0.030222
0 0.709010 0.160380 0.039583 0.054093
0 0.654427 0.243083 0.049583 0.070759
0 0.585755 0.175292 0.032969 0.051861
0 0.650104 0.199727 0.038021 0.042731
0 0.785000 0.210537 0.048229 0.065296
0 0.867865 0.250926 0.059896 0.074926
0 0.864635 0.374009 0.091354 0.105685
0 0.587318 0.129292 0.027240 0.038713
0 0.620313 0.116069 0.027292 0.040787
0 0.542917 0.114708 0.023542 0.037435
