0 0.637031 0.667037 0.122396 0.265148
0 0.528057 0.367278 0.062531 0.114037
0 0.621120 0.301648 0.052656 0.086296
0 0.703516 0.145157 0.039531 0.050889
0 0.665156 0.250296 0.054792 0.071407
0 0.587214 0.177292 0.038281 0.052972
0 0.652891 0.208296 0.043802 0.044481
0 0.774557 0.190509 0.042760 0.058574
0 0.850260 0.220083 0.050729 0.068352
0 0.836589 0.329130 0.081719 0.091926
0 0.589766 0.128894 0.028177 0.043676
0 0.621094 0.112944 0.023750 0.039352
0 0.544141 0.112146 0.025469 0.042559
1 0.975208 0.398787 0.051667 0.145352
