0 0.640625 0.705009 0.132500 0.287907
0 0.527875 0.380731 0.067583 0.123019
0 0.622109 0.307898 0.053281 0.087907
0 0.701094 0.140352 0.038646 0.050889
0 0.670391 0.256694 0.056198 0.075870
0 0.587500 0.178093 0.038125 0.055222
0 0.653073 0.213426 0.042708 0.052815
0 0.770312 0.184097 0.041875 0.054731
0 0.844401 0.211264 0.049427 0.064843
0 0.830885 0.316315 0.078646 0.083593
0 0.589661 0.128093 0.027240 0.040796
0 0.623047 0.113907 0.024844 0.041278
0 0.544766 0.113428 0.025677 0.043200
1 0.968281 0.383259 0.065521 0.148556
