0 0.642448 0.724000 0.137500 0.299296
0 0.527771 0.387472 0.070083 0.127500
0 0.622604 0.311028 0.053542 0.088722
0 0.699870 0.137944 0.038177 0.050889
0 0.672995 0.259898 0.056927 0.078130
0 0.587630 0.178495 0.037969 0.056343
0 0.653151 0.215991 0.042135 0.056981
0 0.768203 0.180894 0.041406 0.052806
0 0.841484 0.206856 0.048802 0.063065
0 0.828047 0.309907 0.077135 0.079407
0 0.589609 0.127685 0.026823 0.039352
0 0.624036 0.114389 0.025365 0.042241
0 0.545078 0.114066 0.025781 0.043517
1 0.964818 0.375500 0.072448 0.150185
