0 0.644245 0.742991 0.142552 0.310685
0 0.527693 0.394194 0.072635 0.131981
0 0.623099 0.314148 0.053802 0.089519
0 0.698646 0.135542 0.037708 0.050898
0 0.675599 0.263111 0.057656 0.080370
0 0.587760 0.178884 0.037917 0.057454
0 0.653255 0.218556 0.041615 0.061148
0 0.766068 0.177685 0.040990 0.050889
0 0.838568 0.202454 0.048177 0.061315
0 0.825208 0.303491 0.075625 0.075241
0 0.589583 0.127287 0.026354 0.037907
0 0.625052 0.114866 0.025937 0.043194
0 0.545417 0.114708 0.025833 0.043843
1 0.961354 0.367731 0.079375 0.151796
