0 0.646042 0.761991 0.147604 0.322056
0 0.527594 0.400935 0.075125 0.136463
0 0.623594 0.317269 0.054062 0.090315
0 0.697422 0.133139 0.037240 0.050889
0 0.678229 0.266315 0.058333 0.082630
0 0.587917 0.179296 0.037812 0.058593
0 0.653333 0.221120 0.041042 0.065315
0 0.763958 0.174481 0.040521 0.048963
0 0.835599 0.198042 0.047552 0.059546
0 0.822344 0.297083 0.074062 0.071093
0 0.589531 0.126889 0.025937 0.036463
0 0.626042 0.115347 0.026458 0.044157
0 0.545729 0.115347 0.025937 0.044157
1 0.961068 0.362944 0.079948 0.152815
