0 0.648047 0.777454 0.151406 0.311944
0 0.526927 0.409102 0.076146 0.140315
0 0.624245 0.322000 0.055469 0.092704
0 0.696615 0.132014 0.037604 0.050565
0 0.679844 0.270639 0.058750 0.084870
0 0.588073 0.180495 0.038333 0.056824
0 0.653568 0.225204 0.041719 0.069000
0 0.762422 0.172801 0.039427 0.049769
0 0.832995 0.196361 0.047760 0.059389
0 0.818281 0.294194 0.073438 0.072981
0 0.589531 0.127926 0.026458 0.036630
0 0.625625 0.116472 0.027292 0.044481
0 0.545052 0.115829 0.026562 0.045435
1 0.957734 0.357648 0.086615 0.151852
