0 0.656380 0.830889 0.152552 0.304889
0 0.524885 0.433620 0.079083 0.151833
0 0.626120 0.336185 0.059844 0.099926
0 0.694193 0.128648 0.038698 0.049611
0 0.684714 0.283620 0.059844 0.091574
0 0.588620 0.184102 0.039948 0.051537
0 0.654245 0.237463 0.043594 0.080074
0 0.757839 0.167759 0.036198 0.052185
0 0.825182 0.191310 0.048281 0.058898
0 0.805964 0.285546 0.071510 0.078759
0 0.589505 0.131056 0.028073 0.037111
0 0.624401 0.119833 0.029740 0.045444
0 0.543021 0.117273 0.028438 0.049287
1 0.947734 0.341796 0.106615 0.148963
