0 0.662422 0.862102 0.160990 0.279500
0 0.523531 0.449972 0.081062 0.159537
0 0.627396 0.345648 0.062708 0.104741
0 0.692552 0.126407 0.039479 0.048963
0 0.687969 0.292269 0.060521 0.096093
0 0.588984 0.186509 0.041094 0.048019
0 0.654714 0.245639 0.044844 0.087426
0 0.754766 0.164389 0.034010 0.053778
0 0.819948 0.187949 0.048646 0.058583
0 0.797760 0.279769 0.070312 0.082611
0 0.589531 0.133139 0.029167 0.037426
0 0.623594 0.122079 0.031354 0.046083
0 0.541667 0.118232 0.029687 0.051850
1 0.932995 0.331222 0.103802 0.147037
2 0.574661 0.082656 0.027552 0.061467
0 0.606849 0.083618 0.019427 0.036469
