0 0.665417 0.873083 0.165208 0.257537
0 0.523776 0.459259 0.081927 0.164037
0 0.628203 0.351000 0.064115 0.106815
0 0.691667 0.124801 0.038750 0.048324
0 0.690833 0.296759 0.061458 0.096741
0 0.589271 0.188755 0.041979 0.050898
0 0.655052 0.247491 0.045417 0.086944
0 0.753724 0.162306 0.034844 0.054093
0 0.817760 0.184500 0.047188 0.056815
0 0.795156 0.275370 0.068125 0.081815
0 0.589792 0.133856 0.028958 0.039194
0 0.624453 0.122241 0.030677 0.046407
0 0.541641 0.119194 0.029531 0.051537
1 0.927604 0.325852 0.101562 0.144333
2 0.574922 0.082655 0.027865 0.061783
0 0.607292 0.083536 0.020000 0.035020
