0 0.660911 0.886463 0.165156 0.230778
0 0.523995 0.468556 0.082740 0.168519
0 0.629010 0.356380 0.065625 0.108907
0 0.690755 0.123204 0.037969 0.047685
0 0.693724 0.301241 0.062344 0.097370
0 0.589505 0.190995 0.042865 0.053787
0 0.655417 0.249324 0.045937 0.086463
0 0.752682 0.160218 0.035677 0.054417
0 0.815599 0.181060 0.045781 0.055065
0 0.792526 0.270954 0.065990 0.081019
0 0.590078 0.134579 0.028802 0.040954
0 0.625313 0.122398 0.030104 0.046722
0 0.541667 0.120157 0.029375 0.051204
1 0.922240 0.320472 0.099271 0.141611
2 0.575182 0.082658 0.028281 0.062109
0 0.607734 0.083458 0.020469 0.033583
