0 0.524219 0.477843 0.083542 0.173019
0 0.629818 0.361750 0.067031 0.110981
0 0.689844 0.121597 0.037292 0.047046
0 0.696615 0.305731 0.063229 0.098019
0 0.589792 0.193241 0.043750 0.056667
0 0.655781 0.251176 0.046458 0.085981
0 0.751667 0.158139 0.036458 0.054741
0 0.813437 0.177611 0.044271 0.053296
0 0.789922 0.266556 0.063802 0.080222
0 0.590339 0.135301 0.028594 0.042713
0 0.626172 0.122560 0.029427 0.047046
0 0.541667 0.121120 0.029167 0.050889
1 0.916901 0.315111 0.097031 0.138889
2 0.575469 0.082656 0.028646 0.062428
0 0.608177 0.083376 0.021042 0.032137
