0 0.524667 0.496435 0.085146 0.181981
0 0.631458 0.372481 0.069896 0.115148
0 0.688073 0.118394 0.035833 0.045769
0 0.702370 0.314704 0.065052 0.099296
0 0.590339 0.197727 0.045573 0.062435
0 0.656484 0.254852 0.047552 0.085000
0 0.749583 0.153968 0.038125 0.055380
0 0.809115 0.170722 0.041458 0.049778
0 0.784687 0.257741 0.059479 0.078630
0 0.590859 0.136741 0.028281 0.046241
0 0.627891 0.122880 0.028177 0.047685
0 0.541641 0.123042 0.028802 0.050250
1 0.906172 0.304370 0.092552 0.133407
2 0.576016 0.082658 0.029323 0.063072
0 0.609089 0.083216 0.022135 0.029254
