0 0.524885 0.581204 0.100021 0.223963
0 0.637682 0.410065 0.075677 0.139352
0 0.683359 0.109097 0.032969 0.043194
0 0.724193 0.350926 0.078906 0.105704
0 0.594922 0.207657 0.035677 0.065315
0 0.662005 0.280259 0.055156 0.097037
0 0.743151 0.141792 0.033490 0.052806
0 0.794505 0.152366 0.038906 0.045120
0 0.768281 0.231213 0.054583 0.075907
0 0.593854 0.141792 0.026979 0.050898
0 0.632786 0.130255 0.032448 0.054731
0 0.541406 0.124963 0.029167 0.048000
1 0.873203 0.264398 0.076198 0.111463
2 0.578698 0.085062 0.025937 0.062431
0 0.610365 0.082175 0.023229 0.037428
