0 0.524120 0.598917 0.103531 0.234389
0 0.639427 0.417667 0.077396 0.141111
0 0.682682 0.107819 0.032656 0.042881
0 0.727266 0.357583 0.079844 0.109056
0 0.594948 0.210778 0.036563 0.065148
0 0.663307 0.285389 0.056094 0.095111
0 0.741875 0.139787 0.033333 0.051370
0 0.792969 0.150843 0.038333 0.046241
0 0.765833 0.228574 0.054583 0.074111
0 0.594036 0.143875 0.028281 0.050565
0 0.632969 0.131213 0.031875 0.054741
0 0.541432 0.125287 0.028385 0.046722
1 0.868984 0.261028 0.074219 0.109870
2 0.578620 0.085619 0.026094 0.061946
0 0.610859 0.083860 0.022760 0.036631
