0 0.523354 0.616620 0.107042 0.244796
0 0.641172 0.425278 0.079115 0.142889
0 0.682005 0.106535 0.032448 0.042559
0 0.730313 0.364222 0.080729 0.112444
0 0.594922 0.213907 0.037448 0.065000
0 0.664609 0.290509 0.057135 0.093204
0 0.740625 0.137787 0.033125 0.049926
0 0.791458 0.149324 0.037812 0.047370
0 0.763411 0.225926 0.054635 0.072370
0 0.594193 0.145958 0.029531 0.050250
0 0.633151 0.132176 0.031302 0.054741
0 0.541484 0.125606 0.027552 0.045435
1 0.864740 0.257667 0.072292 0.108259
2 0.578516 0.086182 0.026302 0.061469
0 0.611328 0.085541 0.022344 0.035826
