0 0.522589 0.634333 0.110552 0.255222
0 0.642917 0.432898 0.080833 0.144648
0 0.681328 0.105252 0.032135 0.042237
0 0.733411 0.370880 0.081615 0.115796
0 0.594922 0.217028 0.038385 0.064833
0 0.665911 0.295639 0.058073 0.091278
0 0.739349 0.135782 0.032969 0.048491
0 0.789896 0.147801 0.037292 0.048491
0 0.760990 0.223278 0.054583 0.070593
0 0.594401 0.148042 0.030781 0.049935
0 0.633333 0.133139 0.030833 0.054741
0 0.541536 0.125926 0.026719 0.044167
1 0.860495 0.254296 0.070260 0.106667
2 0.578438 0.086745 0.026458 0.060991
0 0.611823 0.087226 0.021875 0.035030
