0 0.521422 0.799620 0.125177 0.321685
0 0.657448 0.504213 0.091771 0.166759
0 0.675703 0.097800 0.029531 0.043678
0 0.761068 0.438509 0.087969 0.137907
0 0.597630 0.234824 0.041094 0.063537
0 0.677266 0.343065 0.066927 0.103130
0 0.730365 0.126968 0.029271 0.052972
0 0.780807 0.136824 0.027552 0.043833
0 0.744870 0.201329 0.049635 0.066120
0 0.595391 0.157495 0.032760 0.052176
0 0.636823 0.142435 0.030521 0.057944
0 0.541432 0.134903 0.027448 0.045120
1 0.835391 0.228574 0.064740 0.097852
2 0.579531 0.092431 0.027917 0.065952
0 0.615339 0.095880 0.022760 0.036630
