0 0.521646 0.822083 0.125979 0.328796
0 0.659297 0.513898 0.092969 0.170130
0 0.675000 0.097079 0.029167 0.044157
0 0.764766 0.448037 0.088698 0.140296
0 0.598177 0.236500 0.041042 0.063370
0 0.678750 0.349491 0.068125 0.106648
0 0.729323 0.126407 0.028646 0.054741
0 0.779896 0.135542 0.025937 0.042231
0 0.743125 0.198528 0.048646 0.066278
0 0.595469 0.158139 0.032396 0.052815
0 0.637370 0.143718 0.030781 0.058583
0 0.541380 0.136505 0.028073 0.046083
1 0.832917 0.225444 0.064896 0.097037
2 0.579792 0.093234 0.028125 0.067235
0 0.615755 0.096599 0.023177 0.037431
