0 0.517563 0.863787 0.145917 0.276130
0 0.662943 0.552852 0.102448 0.183593
0 0.673073 0.095876 0.028646 0.043674
0 0.779766 0.487694 0.099219 0.161944
0 0.600078 0.248046 0.044323 0.066278
0 0.686875 0.369435 0.074062 0.118685
0 0.725573 0.121602 0.029167 0.049926
0 0.774505 0.130977 0.029740 0.046565
0 0.738125 0.192519 0.046250 0.061963
0 0.596276 0.164630 0.033490 0.055222
0 0.640208 0.147319 0.030521 0.059065
0 0.540833 0.139389 0.026979 0.050889
1 0.822370 0.215838 0.063281 0.089361
2 0.578854 0.094918 0.028333 0.066757
0 0.616823 0.100204 0.023750 0.036944
0 0.977370 0.470500 0.047344 0.127667
