0 0.514833 0.886463 0.159187 0.230778
0 0.665365 0.578815 0.108750 0.192556
0 0.671823 0.095079 0.028229 0.043361
0 0.789792 0.514148 0.106250 0.176370
0 0.601328 0.255741 0.046510 0.068185
0 0.692292 0.382731 0.078021 0.126685
0 0.723047 0.118394 0.029531 0.046731
0 0.770911 0.127931 0.032240 0.049454
0 0.734792 0.188505 0.044583 0.059065
0 0.596849 0.168958 0.034219 0.056824
0 0.642135 0.149722 0.030313 0.059389
0 0.540495 0.141310 0.026302 0.054102
1 0.815339 0.209412 0.062135 0.084213
2 0.578229 0.096040 0.028542 0.066439
0 0.617578 0.102610 0.024115 0.036631
0 0.971719 0.448481 0.058646 0.116852
