0 0.685000 0.691315 0.128125 0.257630
0 0.666875 0.090351 0.026979 0.040317
0 0.832917 0.630731 0.141667 0.236463
0 0.599271 0.278815 0.045417 0.086481
0 0.713385 0.447556 0.088646 0.147037
0 0.714193 0.110540 0.024323 0.042235
0 0.758542 0.118231 0.030833 0.038389
0 0.721510 0.174000 0.040000 0.051852
0 0.597083 0.177856 0.037812 0.063398
0 0.645234 0.163907 0.032448 0.072037
0 0.537865 0.153810 0.031875 0.049935
1 0.795599 0.191787 0.050781 0.081648
2 0.577344 0.099481 0.029687 0.073963
0 0.617656 0.111023 0.025937 0.035509
0 0.949974 0.390843 0.102135 0.114352
