0 0.688646 0.712630 0.132188 0.266259
0 0.666458 0.089306 0.027083 0.040148
0 0.842813 0.654213 0.147604 0.247537
0 0.600234 0.281056 0.047031 0.088704
0 0.718125 0.460546 0.096354 0.151537
0 0.713750 0.109180 0.024271 0.041437
0 0.757500 0.116394 0.030729 0.038231
0 0.720234 0.172167 0.039844 0.051704
0 0.597500 0.179051 0.037708 0.061306
0 0.645938 0.164787 0.033125 0.070278
0 0.538177 0.153731 0.030729 0.050407
1 0.793255 0.188991 0.050469 0.080870
2 0.577526 0.099562 0.030260 0.073802
0 0.618255 0.111181 0.026198 0.036472
0 0.947865 0.383620 0.106354 0.111796
