0 0.692292 0.733944 0.136250 0.274926
0 0.666042 0.088264 0.027187 0.039991
0 0.852734 0.677685 0.153594 0.258593
0 0.601250 0.283306 0.048646 0.090944
0 0.722839 0.473509 0.104010 0.156019
0 0.713281 0.107815 0.024271 0.040630
0 0.756458 0.114546 0.030625 0.038074
0 0.718984 0.170324 0.039635 0.051537
0 0.597891 0.180255 0.037656 0.059231
0 0.646667 0.165667 0.033854 0.068519
0 0.538516 0.153648 0.029531 0.050889
1 0.790911 0.186190 0.050052 0.080065
2 0.577734 0.099642 0.030781 0.073643
0 0.618802 0.111343 0.026458 0.037426
0 0.937682 0.376407 0.094427 0.109222
