0 0.699583 0.776565 0.144375 0.292241
0 0.665234 0.086182 0.027344 0.039672
0 0.872578 0.724648 0.165469 0.280704
0 0.603229 0.287787 0.051875 0.095463
0 0.732318 0.499491 0.119323 0.164981
0 0.712396 0.105094 0.024271 0.039033
0 0.754401 0.110864 0.030469 0.037754
0 0.716458 0.166634 0.039271 0.051213
0 0.598724 0.182657 0.037448 0.055056
0 0.648125 0.167431 0.035312 0.064991
0 0.539115 0.153491 0.027187 0.051852
1 0.786224 0.180569 0.049323 0.078454
2 0.578073 0.099802 0.031875 0.073322
0 0.620000 0.111665 0.026979 0.039356
0 0.926667 0.361981 0.089375 0.104074
