0 0.706875 0.819204 0.152500 0.309556
0 0.664453 0.084100 0.027552 0.039356
0 0.892422 0.771602 0.177344 0.302833
0 0.605208 0.292278 0.055104 0.099926
0 0.741797 0.525444 0.134635 0.173963
0 0.711484 0.102369 0.024323 0.037430
0 0.752318 0.107175 0.030260 0.037428
0 0.713932 0.162944 0.038906 0.050889
0 0.599531 0.185065 0.037292 0.050907
0 0.649557 0.169194 0.036719 0.061463
0 0.539766 0.153333 0.024844 0.052815
1 0.781510 0.174963 0.048646 0.076852
2 0.578437 0.099962 0.032917 0.073002
0 0.621172 0.111983 0.027552 0.041274
0 0.915651 0.347565 0.084323 0.098981
