0 0.711406 0.842454 0.152500 0.268241
0 0.663438 0.082818 0.027396 0.039994
0 0.905911 0.807509 0.161510 0.268870
0 0.606016 0.303491 0.056406 0.101204
0 0.754922 0.556852 0.133906 0.186148
0 0.708672 0.100764 0.024115 0.038065
0 0.748984 0.103970 0.029740 0.037430
0 0.711120 0.158782 0.039427 0.050250
0 0.599896 0.188907 0.037604 0.054741
0 0.650208 0.171597 0.037292 0.066917
0 0.538411 0.156375 0.027865 0.053769
1 0.777552 0.169833 0.047917 0.074926
2 0.577969 0.101568 0.033125 0.075569
0 0.621693 0.114866 0.027552 0.041917
0 0.906562 0.336815 0.083437 0.099296
