0 0.654141 0.068234 0.025365 0.038391
0 0.609245 0.354296 0.072969 0.118185
0 0.842396 0.775926 0.181146 0.298000
0 0.699844 0.086985 0.025937 0.033585
0 0.732031 0.086023 0.024271 0.033583
0 0.697708 0.137463 0.037812 0.048000
0 0.599792 0.200444 0.037812 0.056667
0 0.656042 0.188426 0.041042 0.073000
0 0.532458 0.172083 0.037271 0.069167
1 0.756901 0.143231 0.044844 0.061463
2 0.574661 0.101887 0.034010 0.086467
0 0.624948 0.118713 0.026458 0.048963
0 0.862135 0.281213 0.074583 0.085500
0 0.598464 0.074965 0.016719 0.038389
