0 0.626563 0.687463 0.136771 0.324926
0 0.687161 0.067753 0.025365 0.035506
0 0.632240 0.315843 0.083229 0.139352
0 0.770990 0.486019 0.110833 0.175889
0 0.660625 0.079290 0.026458 0.041272
0 0.520031 0.112466 0.029729 0.055698
0 0.580885 0.144194 0.040000 0.053778
0 0.759635 0.148523 0.038333 0.058583
0 0.824792 0.147560 0.051875 0.060509
0 0.579531 0.095636 0.029687 0.045117
0 0.867266 0.252370 0.072969 0.085519
0 0.560052 0.082174 0.024271 0.047041
0 0.611146 0.079291 0.025937 0.043196
0 0.961615 0.498519 0.078854 0.150889
0 0.982969 0.334093 0.036146 0.093185
