0 0.631797 0.727537 0.146510 0.332630
0 0.685599 0.062945 0.024115 0.034865
0 0.635755 0.322241 0.083073 0.138704
0 0.786406 0.515361 0.115729 0.190315
0 0.657865 0.073682 0.025937 0.040954
0 0.519568 0.109578 0.029510 0.053770
0 0.580859 0.145477 0.038906 0.055065
0 0.756198 0.141954 0.040208 0.058259
0 0.819323 0.140667 0.049896 0.058259
0 0.579141 0.094514 0.030052 0.047361
0 0.861224 0.243241 0.069948 0.084556
0 0.558880 0.079294 0.024115 0.045765
0 0.611797 0.077526 0.025365 0.042874
0 0.957109 0.474639 0.087865 0.145426
0 0.978724 0.319194 0.044635 0.094167
