0 0.637031 0.767611 0.156250 0.340333
0 0.684089 0.058138 0.022865 0.034224
0 0.639271 0.328648 0.082917 0.138074
0 0.801797 0.544676 0.120573 0.204722
0 0.655052 0.068073 0.025417 0.040635
0 0.519125 0.106694 0.029354 0.051852
0 0.580885 0.146759 0.037812 0.056333
0 0.752760 0.135380 0.041979 0.057944
0 0.813802 0.133778 0.047917 0.056019
0 0.578802 0.093392 0.030417 0.049606
0 0.855182 0.234102 0.066823 0.083574
0 0.557708 0.076407 0.023958 0.044481
0 0.612422 0.075767 0.024844 0.042559
0 0.952604 0.450769 0.096875 0.139981
0 0.974505 0.304287 0.053073 0.095130
