0 0.639635 0.787630 0.161146 0.344185
0 0.683307 0.055733 0.022240 0.033904
0 0.641042 0.331861 0.082812 0.137759
0 0.809531 0.559343 0.123021 0.211944
0 0.653646 0.065269 0.025104 0.040474
0 0.518906 0.105251 0.029271 0.050887
0 0.580885 0.147398 0.037292 0.056981
0 0.751068 0.132097 0.042865 0.057787
0 0.811068 0.130333 0.046927 0.054889
0 0.578620 0.092831 0.030573 0.050728
0 0.852135 0.229528 0.065313 0.083093
0 0.557135 0.074962 0.023854 0.043835
0 0.612734 0.074885 0.024531 0.042396
0 0.950339 0.438833 0.101406 0.137259
0 0.972370 0.296833 0.057344 0.095593
