0 0.642266 0.807667 0.165990 0.348000
0 0.682552 0.053330 0.021562 0.033581
0 0.642813 0.335056 0.082708 0.137444
0 0.817240 0.574000 0.125417 0.219148
0 0.652266 0.062464 0.024844 0.040313
0 0.518661 0.103812 0.029135 0.049931
0 0.580859 0.148042 0.036719 0.057620
0 0.749349 0.128810 0.043802 0.057620
0 0.808281 0.126889 0.045937 0.053778
0 0.578437 0.092270 0.030833 0.051848
0 0.849141 0.224968 0.063802 0.082620
0 0.556510 0.073521 0.023750 0.043198
0 0.613047 0.074003 0.024323 0.042235
0 0.948099 0.426889 0.105885 0.134556
0 0.970260 0.289380 0.061562 0.096093
