0 0.644505 0.820250 0.161302 0.321907
0 0.681875 0.053250 0.021875 0.033422
0 0.645625 0.342593 0.086250 0.142852
0 0.827682 0.599167 0.130990 0.229407
0 0.651771 0.061824 0.025104 0.038711
0 0.518266 0.104850 0.029094 0.050726
0 0.581198 0.150042 0.037188 0.058102
0 0.748385 0.127847 0.042604 0.056343
0 0.806745 0.125847 0.045677 0.054898
0 0.578516 0.093156 0.030781 0.050411
0 0.846536 0.222079 0.062865 0.080694
0 0.556953 0.074886 0.024010 0.043043
0 0.613281 0.075125 0.024792 0.041917
0 0.944167 0.419519 0.113750 0.132296
0 0.968099 0.286269 0.065885 0.095907
