0 0.649036 0.845380 0.151927 0.269611
0 0.680521 0.053090 0.022396 0.033102
0 0.651328 0.357667 0.093281 0.153778
0 0.848594 0.649481 0.142187 0.249926
0 0.650781 0.060542 0.025625 0.035506
0 0.517464 0.106935 0.028927 0.052333
0 0.581823 0.154051 0.038125 0.059065
0 0.746510 0.125926 0.040208 0.053778
0 0.803568 0.123764 0.045156 0.057139
0 0.578724 0.094915 0.030781 0.047522
0 0.841302 0.216315 0.061042 0.076852
0 0.557760 0.077606 0.024583 0.042713
0 0.613724 0.077369 0.025677 0.041280
0 0.923255 0.404778 0.103281 0.127815
0 0.963776 0.280019 0.074531 0.095593
