0 0.651276 0.857972 0.147240 0.243500
0 0.679844 0.053009 0.022708 0.032941
0 0.654167 0.365185 0.096771 0.159222
0 0.859063 0.674648 0.147813 0.260185
0 0.650286 0.059900 0.025885 0.033904
0 0.517052 0.107979 0.028813 0.053135
0 0.582135 0.156051 0.038542 0.059546
0 0.745573 0.124968 0.039062 0.052491
0 0.802005 0.122722 0.044844 0.058259
0 0.578776 0.095799 0.030781 0.046087
0 0.838672 0.213426 0.060156 0.074926
0 0.558151 0.078971 0.024844 0.042557
0 0.613932 0.078488 0.026094 0.040950
0 0.915573 0.397398 0.103646 0.125574
0 0.961615 0.276889 0.078854 0.095444
