0 0.653516 0.870556 0.142552 0.217407
0 0.679167 0.052929 0.022917 0.032780
0 0.657005 0.372722 0.100260 0.164667
0 0.869505 0.699815 0.153385 0.270444
0 0.649766 0.059259 0.026198 0.032300
0 0.516635 0.109020 0.028708 0.053941
0 0.582448 0.158060 0.038958 0.060028
0 0.744635 0.124005 0.037917 0.051213
0 0.800417 0.121679 0.044583 0.059383
0 0.578880 0.096680 0.030781 0.044641
0 0.836068 0.210546 0.059323 0.073019
0 0.558542 0.080331 0.025104 0.042393
0 0.614167 0.079610 0.026562 0.040631
0 0.907917 0.390028 0.103958 0.123315
0 0.959453 0.273769 0.083177 0.095278
