0 0.655781 0.883148 0.137917 0.191296
0 0.678490 0.052849 0.023229 0.032620
0 0.659818 0.380259 0.103802 0.170111
0 0.879974 0.724963 0.159010 0.280704
0 0.649271 0.058619 0.026458 0.030698
0 0.516250 0.110059 0.028646 0.054733
0 0.582760 0.160060 0.039479 0.060509
0 0.743672 0.123042 0.036719 0.049935
0 0.798828 0.120636 0.044323 0.060506
0 0.578984 0.097559 0.030781 0.043196
0 0.833464 0.207648 0.058385 0.071074
0 0.558958 0.081696 0.025417 0.042237
0 0.614401 0.080733 0.027031 0.040311
0 0.900260 0.382648 0.104375 0.121074
0 0.957292 0.270630 0.087500 0.095111
1 0.598984 0.047560 0.025365 0.043198
