0 0.678125 0.052929 0.022292 0.033102
0 0.663307 0.388824 0.104948 0.172204
0 0.889714 0.748278 0.152135 0.272222
0 0.648932 0.058538 0.025885 0.031498
0 0.516370 0.111260 0.029240 0.054572
0 0.583047 0.162787 0.039635 0.062759
0 0.742344 0.122079 0.035937 0.048972
0 0.796849 0.119435 0.043802 0.058741
0 0.579427 0.099486 0.030104 0.043843
0 0.830937 0.205815 0.058229 0.070926
0 0.559323 0.082976 0.025417 0.043196
0 0.615573 0.082738 0.027396 0.041117
0 0.895234 0.374806 0.101198 0.118204
0 0.947917 0.267426 0.076771 0.093185
1 0.599557 0.048042 0.025469 0.043198
