0 0.677396 0.053089 0.020521 0.034063
0 0.670234 0.405972 0.107344 0.176389
0 0.909167 0.794926 0.138438 0.255222
0 0.648203 0.058379 0.024844 0.033102
0 0.516651 0.113668 0.030552 0.054257
0 0.583568 0.168231 0.039948 0.067241
0 0.739766 0.120157 0.034323 0.047037
0 0.792891 0.117031 0.042656 0.055217
0 0.580339 0.103329 0.028594 0.045120
0 0.825885 0.202125 0.057813 0.070602
0 0.560052 0.085542 0.025417 0.045120
0 0.617917 0.086743 0.028125 0.042719
0 0.885260 0.359102 0.094896 0.112426
0 0.940547 0.261019 0.077865 0.089333
1 0.600755 0.049003 0.025677 0.043198
