0 0.676693 0.053250 0.018698 0.035026
0 0.677188 0.423120 0.109687 0.180537
0 0.933672 0.841546 0.134740 0.238204
0 0.647500 0.058217 0.023750 0.034704
0 0.516917 0.116069 0.031792 0.053935
0 0.584115 0.173690 0.040313 0.071731
0 0.737135 0.118236 0.032708 0.045120
0 0.788932 0.114628 0.041615 0.051689
0 0.581250 0.107177 0.027187 0.046406
0 0.820833 0.198449 0.057500 0.070287
0 0.560755 0.088106 0.025365 0.047046
0 0.620286 0.090748 0.028802 0.044319
0 0.875234 0.343389 0.088594 0.106667
0 0.933151 0.254611 0.078906 0.085481
1 0.601927 0.049965 0.025833 0.043196
