0 0.675078 0.052369 0.019635 0.036789
0 0.688750 0.450287 0.116250 0.193500
0 0.645677 0.054772 0.022500 0.034544
0 0.516411 0.117272 0.031865 0.052493
0 0.584818 0.179773 0.042865 0.076861
0 0.734479 0.114870 0.033125 0.044481
0 0.784062 0.110382 0.041042 0.053457
0 0.581953 0.109898 0.028073 0.049926
0 0.813984 0.191949 0.056615 0.065954
0 0.560859 0.089706 0.025156 0.045439
0 0.621693 0.093074 0.028281 0.044481
0 0.860495 0.325593 0.084010 0.101852
0 0.921979 0.245000 0.075312 0.082296
1 0.602240 0.051568 0.025417 0.044802
