0 0.673177 0.050926 0.022292 0.038711
0 0.700938 0.478176 0.124375 0.209870
0 0.643516 0.049723 0.021406 0.033102
0 0.515464 0.117271 0.031052 0.050569
0 0.585521 0.184819 0.046354 0.081176
0 0.732448 0.111262 0.035000 0.044957
0 0.779740 0.105814 0.041042 0.058743
0 0.582344 0.111103 0.030521 0.054257
0 0.807500 0.184981 0.055521 0.059704
0 0.560443 0.090191 0.024948 0.041600
0 0.622109 0.093555 0.026927 0.043520
0 0.845911 0.310704 0.081823 0.098963
0 0.910755 0.235389 0.069115 0.080370
1 0.601823 0.053249 0.024583 0.047206
