0 0.672552 0.050445 0.023229 0.039350
0 0.705000 0.487472 0.127083 0.215315
0 0.642813 0.048041 0.021042 0.032622
0 0.515167 0.117274 0.030812 0.049933
0 0.585755 0.186505 0.047552 0.082620
0 0.731771 0.110060 0.035625 0.045120
0 0.778281 0.104293 0.041042 0.060507
0 0.582500 0.111503 0.031354 0.055698
0 0.805339 0.182653 0.055156 0.057620
0 0.560339 0.090351 0.024844 0.040317
0 0.622240 0.093716 0.026458 0.043198
0 0.841016 0.305731 0.081094 0.098019
0 0.907005 0.232185 0.067031 0.079741
1 0.601693 0.053810 0.024323 0.048006
0 0.964036 0.494676 0.074010 0.152796
