0 0.826953 0.782657 0.221719 0.382648
0 0.503245 0.109097 0.037260 0.054731
0 0.584661 0.219199 0.056198 0.096083
0 0.711224 0.077369 0.028073 0.039354
0 0.753125 0.070636 0.040521 0.058580
0 0.581693 0.112946 0.038385 0.054737
0 0.770182 0.133134 0.044323 0.056657
0 0.560599 0.090831 0.027552 0.050894
0 0.631172 0.103808 0.032448 0.053772
0 0.782604 0.212944 0.068125 0.079741
0 0.852943 0.170162 0.056198 0.076861
1 0.604661 0.049003 0.035677 0.057620
0 0.869948 0.326407 0.098958 0.122037
0 0.968906 0.310065 0.064271 0.114352
