0 0.836589 0.795417 0.217031 0.361019
0 0.503062 0.110059 0.037625 0.055696
0 0.585286 0.222718 0.056615 0.096083
0 0.710104 0.077288 0.028542 0.040794
0 0.752057 0.069835 0.039635 0.056015
0 0.582057 0.115267 0.037656 0.054893
0 0.768490 0.132255 0.044583 0.054898
0 0.560755 0.092111 0.028073 0.050889
0 0.631667 0.105815 0.032188 0.053296
0 0.780443 0.210699 0.065781 0.076528
0 0.850885 0.168157 0.055208 0.075426
1 0.605208 0.050525 0.034896 0.057461
0 0.865052 0.320889 0.096146 0.119000
0 0.967109 0.306620 0.067865 0.115463
