0 0.846276 0.808120 0.212344 0.339315
0 0.502885 0.111022 0.037979 0.056659
0 0.585911 0.226250 0.056927 0.096093
0 0.708958 0.077206 0.028958 0.042235
0 0.750964 0.069033 0.038698 0.053452
0 0.582422 0.117593 0.036927 0.055056
0 0.766849 0.131375 0.044844 0.053139
0 0.560937 0.093396 0.028646 0.050893
0 0.632161 0.107817 0.031823 0.052811
0 0.778281 0.208463 0.063437 0.073333
0 0.848880 0.166148 0.054219 0.073963
1 0.605755 0.052047 0.034219 0.057302
0 0.860130 0.315352 0.093385 0.115963
0 0.965312 0.303167 0.071458 0.116593
