0 0.884818 0.859074 0.193594 0.252778
0 0.502161 0.114869 0.039427 0.060504
0 0.588437 0.240352 0.058333 0.096074
0 0.704453 0.076887 0.030781 0.048004
0 0.746641 0.065830 0.035156 0.043200
0 0.583854 0.126889 0.034063 0.055704
0 0.760156 0.127847 0.045937 0.046083
0 0.561667 0.098520 0.030833 0.050885
0 0.634141 0.115831 0.030781 0.050894
0 0.769635 0.199486 0.054062 0.060509
0 0.840755 0.158139 0.050260 0.068204
1 0.607917 0.058138 0.031354 0.056661
0 0.840469 0.293231 0.082188 0.103796
0 0.958099 0.289389 0.085885 0.121074
