0 0.498568 0.118233 0.039448 0.064033
0 0.600807 0.319361 0.070469 0.123315
0 0.695365 0.065029 0.026979 0.038391
0 0.731510 0.055252 0.033646 0.038711
0 0.589245 0.154292 0.036927 0.058583
0 0.739245 0.107335 0.039115 0.040311
0 0.565000 0.117273 0.032083 0.049287
0 0.650286 0.151403 0.036406 0.058583
0 0.739427 0.157176 0.051667 0.060500
0 0.811901 0.134741 0.039427 0.048963
1 0.618906 0.079129 0.033854 0.064669
0 0.789453 0.225287 0.062344 0.087759
0 0.896563 0.232662 0.072083 0.114046
0 0.572396 0.046919 0.022708 0.033583
