0 0.498479 0.117755 0.038354 0.063713
0 0.601510 0.324083 0.068437 0.123167
0 0.694896 0.064468 0.025937 0.036946
0 0.730938 0.054531 0.033854 0.037589
0 0.589401 0.155495 0.036302 0.058102
0 0.738490 0.106535 0.038437 0.038393
0 0.565365 0.118713 0.032813 0.049611
0 0.651536 0.153810 0.035990 0.059546
0 0.738464 0.155014 0.050990 0.058102
0 0.811198 0.133940 0.037812 0.045120
1 0.619766 0.080652 0.034531 0.064511
0 0.786979 0.221037 0.060104 0.085667
0 0.893516 0.229532 0.070365 0.114194
0 0.572708 0.047961 0.022917 0.034063
