0 0.498391 0.117270 0.037281 0.063385
0 0.602240 0.328815 0.066458 0.123000
0 0.694453 0.063906 0.024844 0.035506
0 0.730417 0.053811 0.034063 0.036467
0 0.589531 0.156699 0.035625 0.057620
0 0.737708 0.105731 0.037812 0.036463
0 0.565703 0.120157 0.033490 0.049926
0 0.652813 0.156213 0.035625 0.060500
0 0.737474 0.152847 0.050260 0.055694
0 0.810443 0.133139 0.036198 0.041278
1 0.620625 0.082176 0.035104 0.064352
0 0.784505 0.216787 0.057865 0.083574
0 0.890521 0.226403 0.068646 0.114343
0 0.573021 0.049002 0.023229 0.034544
