0 0.497573 0.120396 0.037812 0.060985
0 0.605755 0.349009 0.075156 0.130685
0 0.693385 0.062705 0.025937 0.036950
0 0.728932 0.052849 0.030469 0.037428
0 0.591276 0.162708 0.039740 0.062917
0 0.736901 0.102369 0.036198 0.038393
0 0.566667 0.125926 0.033750 0.054741
0 0.655651 0.167269 0.040260 0.065315
0 0.733932 0.148042 0.047031 0.052806
0 0.802630 0.127366 0.035677 0.047046
1 0.623073 0.088669 0.037812 0.069644
0 0.777474 0.210542 0.057865 0.085509
0 0.881328 0.217991 0.067552 0.106167
0 0.573828 0.052128 0.024323 0.036948
