0 0.497307 0.121437 0.037990 0.060181
0 0.606927 0.355731 0.078021 0.133241
0 0.692995 0.062304 0.026302 0.037430
0 0.728438 0.052528 0.029375 0.037748
0 0.591875 0.164713 0.041042 0.064685
0 0.736641 0.101245 0.035677 0.039028
0 0.566979 0.127847 0.033854 0.056343
0 0.656589 0.170963 0.041823 0.066926
0 0.732760 0.146435 0.045937 0.051852
0 0.800026 0.125444 0.035469 0.048963
1 0.623880 0.090828 0.038698 0.071400
0 0.775130 0.208454 0.057865 0.086130
0 0.878255 0.215185 0.067240 0.103444
0 0.574115 0.053169 0.024687 0.037750
