0 0.496401 0.124162 0.038365 0.060509
0 0.611328 0.386343 0.084323 0.148352
0 0.691120 0.061343 0.026094 0.037430
0 0.725286 0.052368 0.026302 0.036146
0 0.593411 0.175931 0.044844 0.069806
0 0.733750 0.097561 0.033854 0.038711
0 0.566719 0.135699 0.035104 0.058583
0 0.660286 0.182176 0.045260 0.068204
0 0.727812 0.139866 0.041771 0.050250
0 0.792083 0.117754 0.035833 0.053456
1 0.626667 0.096118 0.040729 0.076209
0 0.765469 0.199167 0.056562 0.083593
0 0.865547 0.204449 0.066302 0.097361
0 0.575182 0.057336 0.025052 0.038391
