0 0.495682 0.125444 0.038365 0.064352
0 0.615469 0.420639 0.085417 0.168204
0 0.688776 0.061022 0.024323 0.035504
0 0.720964 0.053330 0.024844 0.031659
0 0.594115 0.190347 0.046979 0.073009
0 0.729062 0.094674 0.032396 0.035504
0 0.564896 0.143718 0.037292 0.056657
0 0.663906 0.189875 0.045937 0.064361
0 0.722578 0.133139 0.037865 0.050889
0 0.786667 0.110059 0.037292 0.054733
1 0.629010 0.098040 0.041042 0.078772
0 0.755573 0.188907 0.054062 0.075889
0 0.852396 0.194199 0.065937 0.096083
0 0.576276 0.061503 0.024323 0.036465
0 0.955130 0.465824 0.091823 0.148981
