0 0.495464 0.125125 0.038635 0.063065
0 0.617083 0.429778 0.087500 0.168852
0 0.688047 0.059819 0.023906 0.035665
0 0.720286 0.052047 0.024948 0.032302
0 0.594036 0.192352 0.046823 0.072852
0 0.727839 0.093715 0.032656 0.037107
0 0.564948 0.145157 0.036458 0.058259
0 0.665651 0.193236 0.046615 0.068194
0 0.721094 0.131454 0.037396 0.050093
0 0.785182 0.108136 0.037240 0.054413
1 0.629818 0.099803 0.041198 0.079413
0 0.753906 0.186028 0.053229 0.077500
0 0.849323 0.192032 0.065729 0.093046
0 0.575990 0.062465 0.025208 0.038389
0 0.951615 0.454852 0.098854 0.145926
