0 0.495005 0.124486 0.039177 0.060509
0 0.620208 0.448046 0.091667 0.170130
0 0.686615 0.057416 0.023229 0.035987
0 0.718906 0.049483 0.025104 0.033581
0 0.593854 0.196352 0.046458 0.072519
0 0.725417 0.091789 0.033229 0.040311
0 0.565026 0.148042 0.034844 0.061472
0 0.669167 0.199963 0.047813 0.075889
0 0.718125 0.128088 0.036458 0.048491
0 0.782214 0.104290 0.037031 0.053772
1 0.631432 0.103329 0.041615 0.080694
0 0.750547 0.180259 0.051615 0.080704
0 0.843177 0.187699 0.065417 0.086935
0 0.575469 0.064388 0.026979 0.042235
0 0.937448 0.432898 0.098646 0.139833
