0 0.494786 0.124167 0.039448 0.059222
0 0.621797 0.457176 0.093698 0.170759
0 0.685885 0.056214 0.022812 0.036146
0 0.718229 0.048201 0.025208 0.034224
0 0.593776 0.198366 0.046302 0.072380
0 0.724193 0.090830 0.033490 0.041915
0 0.565104 0.149481 0.034063 0.063074
0 0.670938 0.203324 0.048438 0.079722
0 0.716615 0.126407 0.036042 0.047685
0 0.780703 0.102367 0.036927 0.053452
1 0.632240 0.105091 0.041771 0.081337
0 0.748906 0.177370 0.050833 0.082296
0 0.840130 0.185546 0.065260 0.083907
0 0.575208 0.065350 0.027917 0.044159
0 0.931823 0.421926 0.101458 0.136778
