0 0.494599 0.116793 0.043760 0.060507
0 0.651719 0.656694 0.128646 0.265315
0 0.594115 0.225926 0.054583 0.099926
0 0.710677 0.072560 0.030208 0.037428
0 0.558958 0.170153 0.039479 0.074917
0 0.694453 0.252370 0.052969 0.097037
0 0.699036 0.101406 0.038385 0.050891
0 0.757474 0.081694 0.034010 0.048002
1 0.637917 0.118234 0.045937 0.082624
0 0.724479 0.138426 0.042708 0.069167
0 0.809922 0.149963 0.047031 0.078778
0 0.572474 0.070156 0.024323 0.038391
0 0.850755 0.303806 0.078906 0.103759
0 0.973229 0.329296 0.055625 0.112444
