0 0.494417 0.116229 0.042333 0.060024
0 0.655547 0.680093 0.133802 0.278148
0 0.594349 0.229213 0.054635 0.100093
0 0.709635 0.071759 0.029792 0.037430
0 0.559063 0.171194 0.040000 0.073167
0 0.696667 0.257657 0.054896 0.099611
0 0.697865 0.099882 0.037292 0.049124
0 0.756693 0.080253 0.033594 0.048328
1 0.638698 0.120556 0.046771 0.084702
0 0.723229 0.136102 0.041875 0.067722
0 0.807891 0.148282 0.048177 0.077657
0 0.572734 0.071039 0.024115 0.038870
0 0.846458 0.297407 0.078021 0.101519
0 0.970755 0.325454 0.060573 0.112759
