0 0.493385 0.113505 0.035208 0.056176
0 0.676797 0.810870 0.158073 0.320111
0 0.595547 0.249565 0.055677 0.101685
0 0.703516 0.066310 0.027448 0.036787
0 0.559427 0.180171 0.043021 0.066435
0 0.710182 0.290111 0.065990 0.111926
0 0.691484 0.090910 0.031510 0.040476
0 0.751432 0.072320 0.030990 0.049767
1 0.644010 0.134098 0.050521 0.095119
0 0.715625 0.123282 0.037812 0.060028
0 0.795677 0.138106 0.052813 0.070769
0 0.573828 0.076969 0.024115 0.042080
0 0.821198 0.260870 0.071875 0.090630
0 0.956328 0.301167 0.089427 0.112259
