0 0.493245 0.113585 0.035302 0.054737
0 0.678854 0.824630 0.156667 0.297963
0 0.595651 0.253491 0.056198 0.102500
0 0.702578 0.064868 0.027344 0.036146
0 0.559323 0.183940 0.043438 0.068528
0 0.712656 0.296120 0.067708 0.111463
0 0.690938 0.089546 0.031146 0.040630
0 0.749974 0.071601 0.030573 0.049613
1 0.645495 0.136022 0.050260 0.095122
0 0.714115 0.122080 0.037812 0.059544
0 0.793620 0.136343 0.051510 0.069481
0 0.573568 0.078489 0.025052 0.042874
0 0.817578 0.256380 0.070260 0.090944
0 0.954297 0.296130 0.093490 0.110185
