0 0.493115 0.113667 0.035396 0.053296
0 0.680938 0.838435 0.155208 0.275907
0 0.595729 0.257417 0.056771 0.103315
0 0.701615 0.063426 0.027292 0.035507
0 0.559245 0.187713 0.043802 0.070611
0 0.715156 0.302139 0.069479 0.110981
0 0.690391 0.088186 0.030781 0.040794
0 0.748542 0.070878 0.030208 0.049448
1 0.646979 0.137946 0.050000 0.095126
0 0.712552 0.120877 0.037812 0.059061
0 0.791536 0.134579 0.050260 0.068194
0 0.573281 0.080012 0.025937 0.043680
0 0.813984 0.251889 0.068698 0.091259
0 0.944349 0.291074 0.081615 0.108111
