0 0.492844 0.113825 0.035563 0.050406
0 0.685078 0.866000 0.152344 0.231704
0 0.595938 0.265278 0.057813 0.104889
0 0.699740 0.060541 0.027083 0.034222
0 0.559063 0.195231 0.044479 0.074759
0 0.720104 0.314157 0.072917 0.110019
0 0.689297 0.085461 0.030052 0.041115
0 0.745651 0.069436 0.029531 0.049128
1 0.649974 0.141792 0.049427 0.095120
0 0.709505 0.118475 0.037865 0.058106
0 0.787396 0.131056 0.047708 0.065630
0 0.572760 0.083056 0.027708 0.045278
0 0.806771 0.242917 0.065417 0.091907
0 0.936589 0.280981 0.082344 0.103926
