0 0.497849 0.118475 0.036740 0.057143
0 0.604948 0.318963 0.068646 0.120593
0 0.696875 0.061263 0.026979 0.037911
0 0.559922 0.229296 0.051615 0.085519
0 0.758151 0.407667 0.095990 0.149926
0 0.685521 0.080494 0.028646 0.034067
0 0.734896 0.065348 0.028333 0.041274
1 0.663750 0.174486 0.058125 0.114361
0 0.699323 0.110543 0.037292 0.061470
0 0.773568 0.119196 0.048385 0.070126
0 0.576797 0.099722 0.030781 0.049444
0 0.780990 0.209343 0.055625 0.071574
0 0.898906 0.246361 0.075104 0.099426
0 0.484464 0.154532 0.059177 0.065787
