0 0.498026 0.118714 0.036198 0.056017
0 0.605833 0.324806 0.070417 0.122056
0 0.696797 0.060220 0.025885 0.037107
0 0.560573 0.232815 0.053854 0.088074
0 0.762865 0.418556 0.097500 0.153778
0 0.684974 0.079612 0.029010 0.032943
0 0.734193 0.064869 0.028281 0.039993
1 0.665703 0.177690 0.058906 0.116917
0 0.698880 0.110222 0.037656 0.062111
0 0.772240 0.118071 0.047708 0.070117
0 0.577370 0.101247 0.030781 0.048006
0 0.778828 0.205894 0.054427 0.068843
0 0.895833 0.244519 0.072813 0.096074
0 0.486401 0.155097 0.058010 0.065324
