0 0.498208 0.118956 0.035646 0.054902
0 0.606745 0.330657 0.072240 0.123500
0 0.696693 0.059180 0.024844 0.036307
0 0.561276 0.236352 0.056094 0.090630
0 0.767604 0.429454 0.099062 0.157611
0 0.684453 0.078730 0.029323 0.031819
0 0.733516 0.064387 0.028177 0.038711
1 0.667630 0.180894 0.059740 0.119472
0 0.698411 0.109902 0.037969 0.062752
0 0.770938 0.116950 0.047083 0.070119
0 0.577891 0.102767 0.030781 0.046559
0 0.776667 0.202454 0.053125 0.066130
0 0.892786 0.242667 0.070469 0.092704
0 0.488333 0.155657 0.056833 0.064833
