0 0.497984 0.119435 0.033219 0.052333
0 0.609245 0.355731 0.078385 0.136463
0 0.693906 0.057417 0.023229 0.033104
0 0.558411 0.252611 0.056198 0.092704
0 0.789766 0.485296 0.107865 0.182148
0 0.683620 0.076887 0.028073 0.037430
0 0.729479 0.062705 0.028333 0.037909
1 0.674297 0.192273 0.065677 0.123972
0 0.694714 0.104531 0.036198 0.056178
0 0.765026 0.113186 0.044844 0.065794
0 0.578021 0.109339 0.030521 0.046563
0 0.769089 0.190833 0.050260 0.062444
0 0.879818 0.231694 0.068906 0.089352
0 0.492708 0.159338 0.060000 0.060028
0 0.566276 0.049724 0.019427 0.034063
