0 0.497260 0.119676 0.032146 0.050574
0 0.612370 0.382667 0.083698 0.149926
0 0.690677 0.056534 0.023229 0.031339
0 0.555312 0.269120 0.054167 0.093685
0 0.814531 0.546519 0.122187 0.210667
0 0.682448 0.075368 0.027187 0.042080
0 0.725234 0.060621 0.027969 0.037269
1 0.680938 0.205167 0.071354 0.128926
0 0.689870 0.099161 0.034219 0.050567
0 0.758880 0.108940 0.042969 0.059546
0 0.578438 0.115907 0.030417 0.049444
0 0.761979 0.180486 0.048125 0.059694
0 0.866901 0.220319 0.069219 0.088398
0 0.497526 0.162866 0.064219 0.057454
0 0.566224 0.050125 0.020573 0.033583
