0 0.495682 0.119676 0.036198 0.048963
0 0.619818 0.421111 0.088698 0.159556
0 0.687969 0.055733 0.025937 0.034544
0 0.557344 0.287944 0.054583 0.100889
0 0.851016 0.627852 0.157344 0.249926
0 0.677943 0.072560 0.030781 0.031661
0 0.720964 0.056215 0.024844 0.031659
1 0.690417 0.228810 0.074062 0.144157
0 0.681745 0.097560 0.035156 0.058583
0 0.750964 0.100925 0.041615 0.049928
0 0.582500 0.123523 0.031354 0.056657
0 0.753411 0.169671 0.045365 0.050880
0 0.851562 0.209097 0.066458 0.083583
0 0.509469 0.164875 0.063771 0.066287
0 0.567344 0.053330 0.018333 0.033581
