0 0.495010 0.120718 0.037542 0.052009
0 0.620833 0.428815 0.090208 0.162444
0 0.687552 0.054772 0.025833 0.033904
0 0.556432 0.292759 0.055469 0.102185
0 0.860938 0.656213 0.160625 0.263389
0 0.678099 0.071439 0.030677 0.032300
0 0.720391 0.055734 0.024844 0.032302
1 0.692161 0.232583 0.074115 0.145611
0 0.680911 0.095877 0.034948 0.056820
0 0.750391 0.100046 0.040990 0.051056
0 0.583281 0.124644 0.032500 0.055694
0 0.752188 0.167519 0.045104 0.052667
0 0.848698 0.205981 0.065208 0.081185
0 0.509828 0.164231 0.063573 0.064352
0 0.567526 0.054211 0.018698 0.034381
