0 0.492979 0.123843 0.041604 0.061148
0 0.623958 0.451880 0.094792 0.171093
0 0.686328 0.051887 0.025573 0.031981
0 0.553724 0.307176 0.058177 0.106019
0 0.890703 0.741306 0.170365 0.303759
0 0.678490 0.068073 0.030417 0.034224
0 0.718776 0.054291 0.024844 0.034222
1 0.697422 0.243880 0.074427 0.149944
0 0.678490 0.090829 0.034375 0.051528
0 0.748620 0.097402 0.039115 0.054419
0 0.585547 0.128009 0.035990 0.052815
0 0.748542 0.161028 0.044271 0.057944
0 0.840026 0.196602 0.061406 0.073981
0 0.510917 0.162301 0.063062 0.058583
0 0.568073 0.056856 0.019792 0.036789
