0 0.492302 0.124884 0.042958 0.064194
0 0.625000 0.459574 0.096354 0.173963
0 0.685911 0.050926 0.025469 0.031341
0 0.552839 0.311981 0.059115 0.107296
0 0.900599 0.769694 0.173594 0.317278
0 0.678620 0.066953 0.030365 0.034865
0 0.718255 0.053810 0.024844 0.034865
1 0.699193 0.247644 0.074531 0.151380
0 0.677682 0.089145 0.034219 0.049765
0 0.748047 0.096519 0.038490 0.055537
0 0.586302 0.129130 0.037188 0.051852
0 0.747318 0.158866 0.044010 0.059713
0 0.837161 0.193477 0.060156 0.071565
0 0.511271 0.161667 0.062875 0.056667
0 0.568255 0.057737 0.020156 0.037589
