0 0.491625 0.125927 0.044312 0.067239
0 0.626016 0.467259 0.097865 0.176852
0 0.685521 0.049964 0.025417 0.030698
0 0.551927 0.316787 0.060000 0.108574
0 0.911589 0.798056 0.178906 0.330741
0 0.678776 0.065831 0.030260 0.035506
0 0.717708 0.053331 0.024792 0.035506
1 0.700937 0.251407 0.074583 0.152815
0 0.676875 0.087462 0.034063 0.048002
0 0.747448 0.095635 0.037812 0.056656
0 0.587083 0.130250 0.038333 0.050889
0 0.746094 0.156694 0.043750 0.061463
0 0.834245 0.190347 0.058906 0.069157
0 0.511625 0.161023 0.062687 0.054731
0 0.568438 0.058618 0.020521 0.038391
