0 0.491354 0.127208 0.043771 0.065954
0 0.629557 0.491315 0.102344 0.188407
0 0.683724 0.051407 0.023906 0.032941
0 0.549234 0.330898 0.059656 0.113056
0 0.677604 0.067271 0.031146 0.037750
0 0.715260 0.052368 0.025000 0.035506
1 0.705260 0.261815 0.079271 0.154407
0 0.674245 0.086020 0.032760 0.047681
0 0.743750 0.094194 0.037292 0.055056
0 0.588359 0.136019 0.039427 0.056019
0 0.741667 0.153009 0.043229 0.059222
0 0.828750 0.187778 0.058750 0.073000
0 0.513630 0.163907 0.062010 0.057296
0 0.568047 0.060061 0.019427 0.038070
