0 0.490818 0.129769 0.042698 0.063389
0 0.636589 0.539398 0.111406 0.211463
0 0.680104 0.054292 0.021042 0.037428
0 0.543823 0.359102 0.058917 0.122056
0 0.675234 0.070156 0.032969 0.042235
0 0.710391 0.050445 0.025365 0.035506
1 0.713906 0.282657 0.088646 0.157611
0 0.669036 0.083137 0.030260 0.047041
0 0.736380 0.091312 0.036198 0.051857
0 0.590859 0.147560 0.041615 0.066269
0 0.732839 0.145639 0.042135 0.054741
0 0.817786 0.182662 0.058385 0.080713
0 0.517589 0.169676 0.060552 0.062426
0 0.567344 0.062944 0.017292 0.037430
0 0.968099 0.505259 0.065885 0.145111
