0 0.488656 0.124481 0.043771 0.052815
0 0.647396 0.623046 0.129792 0.244167
0 0.535448 0.396602 0.069208 0.133574
0 0.677682 0.062465 0.024844 0.042237
1 0.732578 0.326417 0.101094 0.187426
0 0.663646 0.072080 0.029167 0.042237
0 0.732865 0.079290 0.034583 0.041272
0 0.593307 0.152847 0.037865 0.057620
0 0.725286 0.128810 0.041094 0.048009
0 0.803151 0.161986 0.052969 0.064361
0 0.521922 0.171120 0.057302 0.063389
0 0.565729 0.060541 0.015104 0.038389
0 0.940260 0.431694 0.093542 0.122981
0 0.974036 0.325444 0.054010 0.104741
