0 0.488880 0.123519 0.042240 0.051852
0 0.650182 0.641639 0.133385 0.254426
0 0.533813 0.405333 0.070813 0.139519
0 0.676953 0.060381 0.024635 0.041917
1 0.736068 0.333296 0.101198 0.192556
0 0.662760 0.070397 0.029062 0.042398
0 0.731953 0.077688 0.033698 0.041272
0 0.594089 0.154454 0.038073 0.057944
0 0.724245 0.126569 0.040573 0.048009
0 0.801120 0.159185 0.052344 0.064519
0 0.523214 0.170556 0.056281 0.065148
0 0.565469 0.060703 0.015833 0.039031
0 0.932786 0.421685 0.092656 0.119963
0 0.971380 0.319676 0.059323 0.106352
