0 0.489099 0.122560 0.040698 0.050898
0 0.652969 0.660222 0.136979 0.264667
0 0.532177 0.414065 0.072417 0.145463
0 0.676250 0.058298 0.024479 0.041596
1 0.739531 0.340176 0.101250 0.197685
0 0.661901 0.068715 0.029010 0.042556
0 0.731068 0.076085 0.032760 0.041274
0 0.594844 0.156056 0.038333 0.058259
0 0.723203 0.124324 0.040156 0.048000
0 0.799115 0.156380 0.051667 0.064685
0 0.524531 0.169991 0.055313 0.066907
0 0.565182 0.060862 0.016510 0.039672
0 0.925312 0.411667 0.091771 0.116926
0 0.968724 0.313917 0.064635 0.107944
