0 0.490005 0.118718 0.034573 0.047046
0 0.664141 0.734574 0.151406 0.305704
0 0.525698 0.449000 0.078917 0.169148
0 0.673359 0.049964 0.023802 0.040313
1 0.753411 0.367759 0.101615 0.218185
0 0.658490 0.061984 0.028646 0.043198
0 0.727448 0.069676 0.029167 0.041274
0 0.597891 0.162468 0.039427 0.059546
0 0.719062 0.115349 0.038333 0.048006
0 0.790990 0.145157 0.049167 0.065315
0 0.529755 0.167755 0.051323 0.073972
0 0.564089 0.061503 0.019427 0.042235
0 0.895365 0.371593 0.088125 0.104741
0 0.958099 0.290843 0.085885 0.114352
