0 0.487297 0.117755 0.039260 0.055380
0 0.678776 0.804148 0.172656 0.293556
0 0.517042 0.496111 0.086125 0.194148
0 0.669010 0.049002 0.025208 0.042237
1 0.768750 0.402694 0.114271 0.229093
0 0.653255 0.058457 0.026094 0.039993
0 0.722031 0.067753 0.032083 0.042557
0 0.602604 0.173676 0.043750 0.067870
0 0.712943 0.105094 0.038385 0.045443
0 0.781250 0.139708 0.051354 0.062102
0 0.529031 0.170000 0.052771 0.069481
0 0.563359 0.063425 0.019427 0.040954
0 0.874115 0.340194 0.081667 0.107315
0 0.933594 0.273843 0.078021 0.118833
