0 0.486625 0.117512 0.040438 0.057457
0 0.682422 0.821519 0.177969 0.290481
0 0.514880 0.507907 0.087948 0.200407
0 0.667943 0.048762 0.025573 0.042717
1 0.772552 0.411417 0.117396 0.231833
0 0.651953 0.057576 0.025469 0.039193
0 0.720703 0.067272 0.032760 0.042878
0 0.603776 0.176486 0.044844 0.069954
0 0.711406 0.102527 0.038333 0.044798
0 0.778828 0.138347 0.051927 0.061306
0 0.528849 0.170560 0.053135 0.068361
0 0.563203 0.063906 0.019427 0.040635
0 0.868802 0.332333 0.080000 0.107926
0 0.928437 0.269593 0.077917 0.119963
