0 0.485948 0.117273 0.041604 0.059546
0 0.686068 0.838889 0.183281 0.287407
0 0.512724 0.519676 0.089760 0.206685
0 0.666875 0.048522 0.025937 0.043196
1 0.776380 0.420157 0.120573 0.234537
0 0.650651 0.056695 0.024844 0.038391
0 0.719349 0.066792 0.033490 0.043198
0 0.604948 0.179292 0.045937 0.072046
0 0.709870 0.099965 0.038385 0.044163
0 0.776380 0.136986 0.052448 0.060509
0 0.528672 0.171120 0.053490 0.067241
0 0.563021 0.064387 0.019479 0.040315
0 0.863464 0.324491 0.078385 0.108574
0 0.923229 0.265352 0.077813 0.121074
