0 0.485901 0.118314 0.041698 0.058743
0 0.687630 0.851870 0.178698 0.260148
0 0.510521 0.537472 0.092188 0.210500
0 0.666875 0.049163 0.025000 0.043200
1 0.783568 0.438028 0.125885 0.247204
0 0.650234 0.057496 0.025156 0.038070
0 0.719062 0.067192 0.032813 0.043998
0 0.605911 0.183458 0.045573 0.073009
0 0.708542 0.099886 0.037917 0.045283
0 0.775104 0.136343 0.051250 0.060833
0 0.528724 0.173361 0.051615 0.066278
0 0.563281 0.065429 0.019271 0.039191
0 0.858177 0.319352 0.078750 0.103148
0 0.918594 0.262704 0.075938 0.118037
