0 0.485812 0.120395 0.041875 0.057135
0 0.690807 0.877870 0.169531 0.205741
0 0.506104 0.573046 0.097063 0.218204
0 0.666875 0.050445 0.023229 0.043198
1 0.797891 0.473769 0.136510 0.272537
0 0.649427 0.059099 0.025625 0.037428
0 0.718516 0.067994 0.031302 0.045602
0 0.607917 0.191792 0.044896 0.074935
0 0.705937 0.099726 0.036979 0.047530
0 0.772474 0.135060 0.048906 0.061472
0 0.528802 0.177856 0.047813 0.064361
0 0.563828 0.067512 0.018906 0.036946
0 0.847500 0.309102 0.079479 0.092241
0 0.909323 0.257417 0.072188 0.111944
