0 0.485766 0.121440 0.041969 0.056343
0 0.692370 0.890852 0.164948 0.178481
0 0.503896 0.590833 0.099500 0.222037
0 0.666875 0.051086 0.022292 0.043198
1 0.805052 0.491630 0.141875 0.285185
0 0.649010 0.059900 0.025937 0.037107
0 0.718255 0.068394 0.030573 0.046404
0 0.608906 0.195958 0.044479 0.075898
0 0.704635 0.099642 0.036563 0.048643
0 0.771172 0.134421 0.047760 0.061787
0 0.528854 0.180088 0.045937 0.063380
0 0.564089 0.068555 0.018698 0.035828
0 0.842214 0.303963 0.079844 0.086778
0 0.904661 0.254778 0.070260 0.108889
