0 0.491536 0.123120 0.041260 0.052333
0 0.487964 0.732583 0.114698 0.283426
0 0.665286 0.050366 0.022760 0.040794
1 0.869427 0.625528 0.192188 0.380204
0 0.645495 0.055894 0.022865 0.039672
0 0.716354 0.067192 0.030937 0.047206
0 0.616510 0.223523 0.050521 0.095435
0 0.699792 0.093873 0.031146 0.047680
0 0.763385 0.127931 0.043125 0.066435
0 0.532115 0.190986 0.048479 0.074287
0 0.542740 0.076975 0.047708 0.106543
0 0.568255 0.074643 0.020156 0.043196
0 0.815573 0.268880 0.070208 0.083907
0 0.879818 0.229852 0.061510 0.094000
