0 0.492349 0.123843 0.041073 0.051204
0 0.483422 0.770324 0.119302 0.289019
0 0.664922 0.049323 0.023281 0.039354
1 0.885651 0.666315 0.193594 0.398000
0 0.644818 0.054531 0.022240 0.038552
0 0.715964 0.066311 0.030677 0.047044
0 0.618698 0.230972 0.052500 0.098167
0 0.698776 0.092191 0.030260 0.045600
0 0.761484 0.126324 0.042448 0.066759
0 0.533635 0.194514 0.049708 0.076528
0 0.543854 0.079148 0.047708 0.105359
0 0.569089 0.077128 0.020781 0.045281
0 0.809609 0.260778 0.067656 0.085667
0 0.873255 0.223440 0.060260 0.092713
0 0.592682 0.041310 0.022135 0.034865
