0 0.491260 0.126245 0.041063 0.049287
0 0.476661 0.819833 0.126885 0.273667
0 0.664792 0.047401 0.023542 0.036469
1 0.909141 0.729769 0.183802 0.409537
0 0.644427 0.053810 0.022500 0.033261
0 0.715547 0.064869 0.028802 0.047044
0 0.621797 0.241796 0.054427 0.095778
0 0.697161 0.090510 0.030260 0.041276
0 0.758906 0.124642 0.041562 0.065309
0 0.536339 0.201241 0.049719 0.075556
0 0.545521 0.082407 0.047708 0.103581
0 0.569505 0.082175 0.021615 0.045761
0 0.801380 0.251407 0.066302 0.086148
0 0.862839 0.215991 0.059427 0.094167
0 0.594010 0.044195 0.020521 0.030057
