0 0.490906 0.127046 0.041063 0.048648
0 0.474411 0.836370 0.129406 0.268556
0 0.664740 0.046760 0.023646 0.035506
1 0.913880 0.750907 0.174323 0.413370
0 0.644271 0.053569 0.022604 0.031498
0 0.715391 0.064387 0.028177 0.047044
0 0.622839 0.245407 0.055052 0.094963
0 0.696615 0.089947 0.030208 0.039828
0 0.758047 0.124083 0.041302 0.064833
0 0.537229 0.203486 0.049708 0.075250
0 0.546073 0.083494 0.047708 0.102987
0 0.569635 0.083861 0.021875 0.045926
0 0.798620 0.248287 0.065885 0.086315
0 0.859375 0.213509 0.059167 0.094648
0 0.594479 0.045156 0.020000 0.028454
