0 0.490635 0.128407 0.041063 0.049444
0 0.470536 0.869019 0.131219 0.230667
0 0.665182 0.046999 0.023490 0.035346
1 0.925417 0.787204 0.151250 0.385963
0 0.643620 0.053250 0.022656 0.029896
0 0.714792 0.063185 0.027292 0.045600
0 0.625156 0.254537 0.055938 0.096556
0 0.695885 0.088906 0.030625 0.039670
0 0.755990 0.122480 0.041146 0.061948
0 0.538411 0.207417 0.049531 0.076685
0 0.547187 0.085667 0.047708 0.101804
0 0.569922 0.086102 0.022031 0.046241
0 0.792760 0.241389 0.063542 0.084370
0 0.853385 0.209185 0.057813 0.094333
0 0.595573 0.047881 0.020313 0.028135
