0 0.490812 0.129528 0.041063 0.052333
0 0.467297 0.901417 0.129781 0.165315
0 0.666198 0.048762 0.022917 0.036946
1 0.939036 0.817519 0.124010 0.323481
0 0.642526 0.053089 0.022656 0.030219
0 0.713776 0.061744 0.026719 0.042717
0 0.627786 0.265593 0.056510 0.101370
0 0.695521 0.087946 0.031354 0.042237
0 0.753542 0.120395 0.041354 0.057135
0 0.538953 0.210782 0.049177 0.080213
0 0.548302 0.087840 0.047708 0.100617
0 0.570208 0.087226 0.021875 0.046567
0 0.786536 0.233861 0.059740 0.080204
0 0.848307 0.205495 0.055677 0.092713
0 0.596849 0.051406 0.022135 0.030698
