0 0.491083 0.131218 0.041063 0.056657
0 0.462411 0.949972 0.127573 0.067278
0 0.667682 0.051406 0.022135 0.039354
1 0.959453 0.862926 0.083177 0.229704
0 0.640911 0.052849 0.022656 0.030698
0 0.712292 0.059580 0.025937 0.038389
0 0.631719 0.282176 0.057292 0.108574
0 0.695000 0.086504 0.032396 0.046085
0 0.749870 0.117274 0.041615 0.049933
0 0.539750 0.215824 0.048625 0.085500
0 0.548302 0.090506 0.049042 0.104765
0 0.570599 0.088905 0.021615 0.047043
0 0.777188 0.222565 0.054062 0.073981
0 0.840755 0.199968 0.052448 0.090324
0 0.598724 0.056695 0.024844 0.034546
